<<<<<<< HEAD
             8.502769087788989             2.770359320624266            16.335126270781302
             6.391658322171287             2.728036908281410             3.715172128224985
             4.400779522505029             2.693449766017693             5.459429823875002
             3.126820902137627             2.677526016083448             3.792866383577934
             2.312697349703672             2.643027517479140             2.608372246374287
             1.738134891716562             2.625256826210034             1.850147941896068
             1.326346391354527             2.654033900704917             1.314585378117364
             1.019908108899159             2.696641458695467             0.941230309802283
             0.790464687555584             2.755745679193751             0.697213826186420
             0.614543509660571             2.832624727085431             0.533934392361768
             0.483987972373875             2.924109882611447             0.421700739462029
             0.390505654951784             3.029335138045781             0.338324664998705
             0.319922085683098             3.148136594013295             0.277778246295656
             0.265452207213167             3.279247644107272             0.230389444955062
             0.220369314395104             3.422214256455163             0.192210281988421
             0.187166905844659             3.576816490463898             0.162992599633633
             0.158369336310594             3.742942491888243             0.138524489055347
             0.136168531927114             3.834800833092004             0.148654742252226
             0.117471817132333             3.997012939066508             0.172398174943204
             0.101519078607362             4.202436836876814             0.191078210940603
             0.088587744930319             4.434458416816824             0.205986020846666
             0.082575534910323             4.702344526620436             0.217562651205824
             0.096098540869328             5.096033998871007             0.226263327696365
             0.107336548182474             5.381601218008655             0.232621998485108
             0.116696909089836             5.665513571587326             0.237007450881123
             0.124276063491461             5.966116982868243             0.239742324828477
             0.130325502204109             6.281424488334778             0.241094543954063
             0.135075860694034             6.616058463729587             0.241313994244287
             0.138807718110247             6.970182578335880             0.240591826325975
             0.141382079506997             7.344741718306523             0.239038878521136
             0.143114761092225             7.740763832780203             0.236774281571130
             0.144104461176870             8.158212195899523             0.233918110628515
             0.144451102332859             8.598452479583557             0.230573426976683
             0.144244986043077             9.092065141900321             0.226814072870887
             0.143562939080123             9.621245321750393             0.222717733735514
             0.142475690843902             9.756758481411680             0.218343601389634
             0.141040105174962            10.662336011246225             0.213750242604718
             0.139310360251958            11.183398670367296             0.208993453941744
             0.137325055587628            11.556860377161911             0.204092641685023
             0.135120922022729            12.020551130968670             0.199093808998406
             0.132737541448716            12.488653431808416             0.194050753134512
             0.130204338478336            12.919566806177954             0.188943247895374
             0.127548585197378            13.688215800358876             0.183812596736303
             0.124783114082316            14.504748610482011             0.178689857944629
             0.121870847317140            15.600049270200088             0.173572581525228
             0.118992633882193            16.610644180845611             0.168015550513498
             0.116074252489486            17.451882935991534             0.162560177167276
             0.113129856690250            18.375245486270160             0.157456595281140
             0.110164318507156            19.352558181011773             0.152587124360501
             0.107194573984192            20.347415151202085             0.147777522501773
             0.104196594184199            21.325977015080070             0.143069755254707
             0.101169837523521            22.148498802037238             0.138449695363825
             0.098244963500466            22.470909114279266             0.133913686213202
             0.095347643265718            23.891378590914655             0.129479832289491
             0.092485161683395            25.382115195932101             0.125146527054191
             0.089662397565387            32.568105833772279             0.120912247352276
             0.086883525105506            29.818718683025054             0.116779689301364
             0.084152087562710            35.647361038753616             0.112755512544862
             0.081471063251485            32.399361717369175             0.108836468986613
             0.078842924944308            33.997983367968573             0.105022343253150
             0.076269693356185            35.513400920955974             0.101307628908593
             0.073752985232012            37.315486856544794             0.097703127637093
             0.071294056726902            39.054699924392935             0.094202631995685
             0.068893842449953            40.570339485421755             0.090805159140437
             0.066552990659115            44.272895265529769             0.087509095875223
             0.064271893699210            48.418869208925571             0.084312723875588
             0.062050720962350            51.101933560906218             0.081231291164091
             0.059889440527119            54.014954687371301             0.078235045258303
             0.057787842416033            58.572978047614470             0.075329328660803
             0.055745561808259            62.426075651496376             0.072517810113158
             0.053762098280760            62.052426297336297             0.069798672601543
             0.051836833009002            65.301901066809478             0.067169383710834
             0.049969044412986            71.909390208812056             0.064627895510995
             0.048157922698508            76.570142696300991             0.062172115467323
             0.046402583051623            80.840313969358249             0.059799528237445
             0.044702076090019            79.291905728555321             0.057508169291637
             0.043055395873886            81.860123528353597             0.055296538589893
             0.041461486959921            90.762418543244166             0.053162421439314
             0.039919252225083            89.218254425341911             0.051103402633515
             0.038427569132800            94.917721275459371             0.049119996058497
             0.036985295405984           106.518403426393888             0.047207871045387
             0.035591256033033           111.095807043955119             0.045361443684563
             0.034244257250293           102.982625015405574             0.043581688782879
             0.032943093060453           114.606033794466384             0.041866545248329
             0.031686551478078           124.489180719835076             0.040213998101386
             0.030473424122306           113.945356226143304             0.038575525182761
             0.029302516253605           108.360622370107194             0.037016234681627
             0.028172647103432           120.525838146395472             0.035543077330352
             0.027082643041940           109.341352354138508             0.034124750987811
             0.026031334751956            95.344489241164410             0.032759334111542
             0.025017561843139            84.070360784628065             0.031445032927714
             0.024040179754127            59.330491397531659             0.030180120768851
             0.023098064902239            11.490404018306435             0.028962921973399
             0.022190109493376            74.673542006904427             0.027791812389996
             0.021315234429849           227.786904325475916             0.026665219970987
             0.020472410772058           482.233794915934141             0.025581618575252
             0.019660608814160          1059.896204628191299             0.024539516368531
             0.018878818496372           143.087012668700027             0.023537450335095
             0.018126062098055          2654.637241881635418             0.022573991347524
=======
             8.502907687928198             1.744581046657004            16.335126271000824
             6.388369299828064             1.806772190480615             3.582742961867556
             4.395230730657582             1.882516877744592             5.469973774434244
             3.133381215090523             1.981377979604304             3.815970991266326
             2.304278441992739             2.075018386938154             2.633218166712101
             1.733601751099336             2.179353207725171             1.851946577720852
             1.323600596820807             2.293158769879710             1.315436316370139
             1.019653429436087             2.407174046338241             0.946712456954423
             0.792198223914209             2.527888453579635             0.697376467838801
             0.613978262214893             2.651874955745143             0.535057604295233
             0.483447819396506             2.782731120052176             0.421312483980245
             0.389153940040149             2.912760327461228             0.339030018337727
             0.318530623509888             3.059632959599412             0.277297335792971
             0.263503376140671             3.214336261828976             0.229984355079875
             0.220019301352389             3.378055311675325             0.192624175963656
             0.186410873298678             3.550004484965484             0.163246921155872
             0.158683700195532             3.731912187864509             0.138873748016128
             0.135751703109719             3.841510870179263             0.147254069843747
             0.117371899931789             4.021145160663536             0.171201719783689
             0.101546225880611             4.281678375771662             0.190263394997643
             0.088420373329972             4.524098501244225             0.205193349899744
             0.082892963938452             4.773772702274300             0.216795572603488
             0.096758168940735             5.067472879866273             0.225693323891292
             0.108193690803319             5.336637103553130             0.232243810580016
             0.117553748597938             5.617022618284182             0.236702302277308
             0.125103406393240             5.911316703837883             0.239545204427614
             0.131108938931192             6.208048014579163             0.240394610087051
             0.135805782118148             6.495103684258993             0.240516228640118
             0.139433159356614             6.823088666253170             0.239772121569267
             0.141992961812868             7.169213175035338             0.238218464697603
             0.143687016468210             7.518259171059299             0.235972643691248
             0.144660341913507             7.829465734295354             0.233135028599534
             0.144645216016993             8.216852362386817             0.229798485099231
             0.144362213362669             8.678746893333027             0.226047580998959
             0.143675519354851             9.207554252525370             0.221992467566608
             0.142579782327182             9.739899068649038             0.217650008157662
             0.141135906381781            10.283155134203753             0.213080556045355
             0.139394941054721            10.803295025960551             0.208319224466052
             0.137400577727536            11.334617762152448             0.203424056998671
             0.135195090059643            11.867839395321425             0.198431216509398
             0.132802257280741            12.388466318343262             0.193372618898685
             0.130261977838966            12.963500701937619             0.188273570595683
             0.127598877128190            13.744230224157718             0.183167130039941
             0.124862235338384            14.920013345160442             0.178058001592323
             0.122040419231539            15.832035986098163             0.172974352594903
             0.119148028372319            16.642232146001106             0.167919709387974
             0.116214346560753            17.284847404695938             0.162911309418853
             0.113253828828331            17.841265452186008             0.157961063839480
             0.110279159112228            18.702721207115701             0.153076538503662
             0.107298638119079            20.001301468247448             0.148269686822225
             0.104325686120362            21.798761033861183             0.143545300654033
             0.101367179848779            22.944263523384734             0.138906671595631
             0.098431452521869            24.014884075212649             0.134361617135088
             0.095525272233001            25.227532705654994             0.129872045952197
             0.092654517312553            25.890105870403886             0.125314417049616
             0.089824381306276            28.330527039050821             0.120985540003090
             0.087038119869366            30.011033820637067             0.116855201010985
             0.084298182803519            31.479870194489195             0.112829460718046
             0.081610071364882            33.270553591104090             0.108907175621582
             0.078975906775895            35.484532861565640             0.105090634912294
             0.076396512400429            36.745005181954639             0.101379723076690
             0.073873741562728            38.534336485139193             0.097774008085437
             0.071403368090074            40.852466390927930             0.094272451980359
             0.068994121476575            43.159558362822281             0.090873360803592
             0.066650173040102            46.545216628427625             0.087576201358956
             0.064366014811466            48.840160693686357             0.084380411632065
             0.062141466711410            50.668242700096471             0.081282603092287
             0.059966700993400            52.836217148020296             0.078282305404130
             0.057862546698292            58.430036629744791             0.075377585805139
             0.055818415031567            61.838283685920487             0.072566635044758
             0.053833132067460            62.439028393899662             0.069846741493325
             0.051906081701642            67.359118161789866             0.067217122234187
             0.050036623485099            70.333536316562459             0.064675338345307
             0.048224121840974            73.515099771339010             0.062219158848084
             0.046467073783088            76.963542676676752             0.059846392242783
             0.044764835051311            80.226061385952562             0.057554260804029
             0.043116403021862            87.603716882851131             0.055342189594207
             0.041520704833960            89.607028163577979             0.053207242164614
             0.039976721097695            95.564476191704671             0.051147304930659
             0.038483464746996            98.227167153887422             0.049160247162103
             0.037039409541357           100.371679219946145             0.047245870916150
             0.035643616477891           106.045721136005795             0.045399688614694
             0.034294903192013           110.343426386915326             0.043618844709947
             0.032992048166431           114.862242105259156             0.041902612780031
             0.031733885508665           112.096069135179732             0.040248990902416
             0.030519240471541           118.761328265851716             0.038655909340079
             0.029346850330072           116.746472286581138             0.037121420309720
             0.028215368558211           113.802088324238866             0.035644328302556
             0.027117112815084           108.353967622862001             0.034221889972482
             0.026056001489952           100.316691949926280             0.032852427557852
             0.025035037347660            79.090096543653999             0.031533723777354
             0.024045339301907            51.650207685813257             0.030265328900626
             0.023103305129240             6.108273479133913             0.029046695673344
             0.022181254727190            77.880799805620882             0.027872448396618
             0.021307108244443           224.020009147789096             0.026742992657653
             0.020464964510975           499.078486103868272             0.025656653525122
             0.019637907918959          1082.130342019665477             0.024611889686948
             0.018857474317585           103.854468683359300             0.023607296122446
             0.018106049538090          2654.637241881637237             0.022640859945955
>>>>>>> some minor adapiton of code
