<<<<<<< HEAD
           247.633257849347331           406.568715058408884            52.344159664186009
            83.478502936997785           436.127574655128626           275.352256629087776
            42.374495370471550           151.369904727134553            93.888163874759982
            25.886116146282916            78.972858372545659            47.455591429194044
            17.606695884228373            47.212059018271788            28.632339516205860
            12.848170635504303            32.156360601433875            19.145191755807502
             9.852227082058818            22.806865935451157            13.686094516661186
             7.837186318829211            16.863850669454933            10.258018469864226
             6.412053783050339            13.102342771717389             7.979451125589108
             5.363438832547033            10.432254142235777             6.515035924727712
             4.566767235775743             8.642033867245274             5.438736350469242
             3.945299642294771             6.894361753762823             4.622031022319987
             3.449638981057205             5.792440243386579             3.985761271380909
             3.046800157220716             5.099321565425740             3.478982113377413
             2.714060724333720             4.487339775336181             3.067682372746418
             2.435343034193551             3.797390039572008             2.728438807202764
             2.199002780318494             3.210151984588180             2.444682834369402
             1.996431996294490             2.878340264715746             2.204418686685827
             1.821150616417853             2.601114709044467             1.998781898214489
             1.668200571692424             2.241564082954170             1.821102125272567
             1.533732582220438             1.997179111604424             1.666278208147219
             1.414718474515219             1.865847884592256             1.530351729412736
             1.308747074585980             1.695937181902174             1.410210221510866
             1.213877270773757             1.584063245066631             1.303377003057477
             1.128530577391722             1.531462773336138             1.207859429092601
             1.051410912628448             1.459709689789406             1.122037452503854
             0.981444333917857             1.396834283569291             1.044581383688637
             0.917734307548649             1.312676128579511             0.974390988298353
             0.859528071876227             1.274533649381787             0.910549660688673
             0.806189758141507             1.201282480145551             0.852288750365204
             0.757178245377879             1.141319540915106             0.798958940754297
             0.712029507787577             1.100377698158155             0.750007268779662
             0.670342934981136             1.044971006505016             0.704959410159582
             0.631771214978009             0.996190832558739             0.663406806524222
             0.596012513778952             0.958145362156777             0.624996205237508
             0.562802735783045             0.918093250490436             0.589419632804088
             0.531908584139401             0.880343743169341             0.556406714665336
             0.503123471360162             0.833651718796894             0.525720421088252
             0.476265292442612             0.823937256958281             0.497152876536191
             0.451173108081846             0.776984578956991             0.470519519626528
             0.427702383570924             0.753594549568270             0.445654952147684
             0.405722238787405             0.732830270240534             0.422411373990542
             0.385114918300260             0.685818911502558             0.400656608030502
             0.365774510634900             0.666276442033826             0.380271811322928
             0.347605302464807             0.647143927741290             0.361149951948377
             0.330520471398437             0.606768224363428             0.343194157686938
             0.314440769222237             0.589430453396425             0.326316300427699
             0.299293859684347             0.563086634479433             0.310436151412269
             0.285013742827836             0.548633399445819             0.295480328040647
             0.271539659466136             0.516872069065474             0.281382097700103
             0.258815483327218             0.501170355833949             0.268081903200375
             0.246789811625717             0.484460377347919             0.255525556303787
             0.235416511153907             0.470408940037771             0.243661507777269
             0.224654258365703             0.441113378234768             0.232441314514020
             0.214463657823806             0.428989239185817             0.221821325844729
             0.204806161914654             0.414765486993875             0.211762248552674
             0.195646541026228             0.403588470533801             0.202227870479348
             0.186953680229017             0.382051734812169             0.193184576907164
             0.178699069878121             0.381042107569520             0.184601277390641
             0.170856022158773             0.354322231077123             0.176449264127463
             0.163399674596022             0.343787218486355             0.168702026781041
             0.156306953377843             0.334367160965343             0.161335072647177
             0.149556448966493             0.317003727764760             0.154325747306039
             0.143128287941245             0.328736644323168             0.147653066685443
             0.137004011546523             0.312268634016476             0.141297567558951
             0.131166461133930             0.284245462002239             0.135241175198743
             0.125599672078032             0.274942660714114             0.129467085620611
             0.120288776353121             0.267497550797053             0.123959659943552
             0.115219913354693             0.256640898183054             0.118704330082657
             0.110380148166584             0.248440294620838             0.113687515787447
             0.105757396926030             0.239202797613249             0.108896550441656
             0.101340359324226             0.232935306443597             0.104319611396065
             0.097118457971767             0.226261935399279             0.099945652587671
             0.093081783911657             0.215717149441538             0.095764340008635
             0.089221047248259             0.209516775608897             0.091765991662761
             0.085527531721681             0.200406352094802             0.087941523246670
             0.081993052231290             0.194485073997136             0.084282400020477
             0.078609914824106             0.188339175410903             0.080780594756490
             0.075370879257299             0.184001859975329             0.077428551076153
             0.072269124549074             0.184404582357612             0.074219151019953
             0.069298217821462             0.185796287512407             0.071145685566812
             0.066452086404922             0.184685240988209             0.068201827089119
             0.063724992879429             0.184956887645733             0.065381603219130
             0.061111512558959             0.183529957478957             0.062679372052614
             0.058606512957240             0.182926268030030             0.060089798865974
             0.056205134876279             0.181324801098611             0.057607834557210
             0.053902774868263             0.180329599348632             0.055228695909136
             0.051695068931814             0.177387218546549             0.052947847657911
             0.049577877331394             0.175976746040774             0.050760986240192
             0.047547270476421             0.173572506042373             0.048664025025289
             0.045599515801335             0.171384793699026             0.046653080824370
             0.043731065580573             0.169191074027900             0.044724461509261
             0.041938545616276             0.168313845633079             0.042874654586299
             0.040218744746745             0.166718315615650             0.041100316612493
             0.038568605108516             0.164994544039821             0.039398263362145
             0.036985213103456             0.162308529362015             0.037765460677640
             0.035465791014481             0.160383660001141             0.036199015950508
             0.034007689230151             0.157368099499262             0.034696170186251
             0.032608379028822             0.154870461474612             0.033254290611104
=======
           247.633257849559243           406.568715058408770            52.344159663940331
            83.478525231548929           435.816603722585114           275.285139629605908
            42.374527979311011           150.927735067115123            93.886387472198663
            25.886156825780432            78.632372010557276            47.463902463611760
            17.606744152180255            47.816772473959333            28.642212506232966
            12.848226526018237            31.997772417363763            19.149145522162485
             9.852289164604088            22.706640059362371            13.689233866504537
             7.837251619656953            17.013392345323609            10.262673926068373
             6.412121601514784            13.203269621991325             7.979524525806440
             5.363508246863660            10.489219442418218             6.515109588210649
             4.566837623095381             8.548649915764656             5.438810045486974
             3.945371531048835             7.078943167401476             4.622105505942784
             3.449711898976091             5.934856490483313             3.985836000747099
             3.046873843257259             5.077758289591443             3.479056897300282
             2.714134509366545             4.344656880088294             3.067756359290328
             2.435415378721203             3.788966066487617             2.728510759995359
             2.199074510418470             3.291282819615162             2.444753552194584
             1.996502563103618             2.906201075521338             2.204487607801980
             1.821219441715414             2.586296158128519             1.998848421893896
             1.668267017157220             2.309135092536394             1.821165627299834
             1.533796048347362             2.074647667088541             1.666338096038530
             1.414778342765892             1.851654128499021             1.530407356684350
             1.308802694490815             1.696086347220032             1.410260832638066
             1.213927879255301             1.590043604297058             1.303422117498371
             1.128575993624885             1.530154986501685             1.207898801265621
             1.051451693431993             1.436539098938411             1.122071645876545
             0.981482073074019             1.386387542349546             1.044612008354967
             0.917770155757495             1.307064675285460             0.974419995393390
             0.859562970488284             1.253770652956412             0.910577751988143
             0.806225358594240             1.201321276407363             0.852317061576933
             0.757215154191172             1.148217701696694             0.798988917873338
             0.712068246461349             1.089131163300969             0.750040233018815
             0.670384933872157             1.049431755708653             0.704995844601868
             0.631816469192486             0.997927656350264             0.663445901343657
             0.596060482362496             0.965952704256175             0.625038435636490
             0.562853903837947             0.919080548643500             0.589465581484077
             0.531963394413715             0.877584266706187             0.556455762564632
             0.503181025914380             0.844735069307909             0.525772834683252
             0.476325871335085             0.816215154910914             0.497210507446461
             0.451238359514832             0.774817698768267             0.470579940722786
             0.427769523940555             0.744752760661612             0.445714902926106
             0.405788408260335             0.720929220299581             0.422472761181304
             0.385182137808961             0.683703753016431             0.400720664994779
             0.365842992609394             0.659119913778760             0.380335406821473
             0.347672380882528             0.635401070348671             0.361213379774071
             0.330587059639399             0.611892402006468             0.343256930302012
             0.314506406619230             0.585242139027557             0.326374656776046
             0.299356013155126             0.567341759516367             0.310493230103958
             0.285072010887021             0.542341662389454             0.295538139425219
             0.271596537289696             0.523402919724568             0.281438702543433
             0.258869746985042             0.500745549143279             0.268136632737743
             0.246842296336112             0.480941142005314             0.255577391380612
             0.235467616994576             0.470510784567644             0.243707613872417
             0.224700550523593             0.448829746807068             0.232481410683086
             0.214502722094977             0.428237955191982             0.221856427384715
             0.204837658545131             0.410381807356320             0.211791710177046
             0.195670914629261             0.396512675635439             0.202252181963040
             0.186972777128119             0.381066759659582             0.193205619359823
             0.178714891121629             0.365586963613715             0.184620124949525
             0.170869668199614             0.353573405383276             0.176466248967571
             0.163412122443766             0.340450864710608             0.168717883962920
             0.156318949018079             0.327399639256171             0.161351968667518
             0.149568283930698             0.314629831814816             0.154344853870093
             0.143140148196359             0.302276549845097             0.147674153709673
             0.137015079312661             0.290481982150599             0.141320861965333
             0.131176878975033             0.279264390501520             0.135266818258373
             0.125612658446457             0.268770062616806             0.129494817352814
             0.120305334182021             0.259489809850677             0.123988807878085
             0.115238982391048             0.250407380497652             0.118734812549164
             0.110401134013735             0.241583772553991             0.113720234647964
             0.105779920422762             0.233094661680589             0.108932231927504
             0.101363719602197             0.224941104097717             0.104358166725270
             0.097141976439914             0.217102913997540             0.099986588842114
             0.093105585807322             0.209522797840563             0.095807125517510
             0.089246176133692             0.202191221076777             0.091810326346412
             0.085555017029044             0.210847075190337             0.087987327312881
             0.082023045077136             0.343946933846905             0.084329471461459
             0.078641908864789             0.359747357154653             0.080828624970962
             0.075404337279664             0.391091396940528             0.077477379756225
             0.072303662609471             0.360929434594730             0.074268745821172
             0.069333563098610             0.340595016412379             0.071195983001303
             0.066488099924911             0.442643775521990             0.068252649941016
             0.063761644872677             0.401130762299413             0.065432686702934
             0.061148787365013             0.359680157427562             0.062730476613503
             0.058644344549258             0.326758888174357             0.060140789114314
             0.056243402278511             0.340268851409078             0.057658657919880
             0.053941332849568             0.329137781766484             0.055279321105857
             0.051733781983778             0.313571055180180             0.052998225374800
             0.049616637153512             0.292670467459850             0.050811040716773
             0.047585996940448             0.268872156157105             0.048713661016500
             0.045638149374099             0.295698424279646             0.046702193856049
             0.043769557809327             0.286193517528925             0.044772947150307
             0.041976851297242             0.273858878865134             0.042922415704609
             0.040256817284089             0.329491825655253             0.041147268232081
             0.038606394866854             0.355273620528219             0.039444335003793
             0.037022667748396             0.322332681361896             0.037810596548127
             0.035502856817082             0.298678797510490             0.036243173638539
             0.034044312593565             0.273283624233866             0.034739318578644
             0.032644507877713             0.246569140933239             0.033296407679252
>>>>>>> some minor adapiton of code
