            -5.619530952173138            -4.474495862196156            -5.596521596225165            -4.545988028734040            -5.634889353467155            -4.473645309092080
            -5.619530952173138            -4.474495862196156            -5.596521596225165            -4.545988028734040            -5.634889353467155            -4.473645309092080
            -5.619530952173138            -4.474495862196156            -5.596521596225165            -4.545988028734040            -5.634889353467155            -4.473645309092080
            -5.619530952173138            -4.474495862196156            -5.596521596225165            -4.545988028734040            -5.634889353467155            -4.473645309092080
            -5.158054048406091            -4.008331045608235            -5.080615952704908            -4.055882027506609            -5.177807359440691            -4.003789759922377
            -4.491156309266709            -3.348549324851823            -4.437034343849311            -3.440529065283488            -4.524543376718664            -3.336633416314751
            -3.890083193549057            -2.743989152262917            -3.914847742167641            -2.868623815514832            -3.916446237750364            -2.731732125694736
            -3.890083193549057            -2.743989152262917            -3.914847742167641            -2.868623815514832            -3.916446237750364            -2.731732125694736
            -3.890083193549057            -2.743989152262917            -3.914847742167641            -2.868623815514832            -3.916446237750364            -2.731732125694736
            -3.890083193549057            -2.743989152262917            -3.914847742167641            -2.868623815514832            -3.916446237750364            -2.731732125694736
            -4.491156309266709            -3.348549324851823            -4.463574513265855            -3.438740724027724            -4.510158302141693            -3.343400403034230
            -5.158054048406091            -4.008331045608235            -5.090317013404198            -4.055217218376722            -5.171490463924390            -4.006416326474938
            -5.619530952173138            -4.474495862196156            -5.604849597806243            -4.545514827818072            -5.632953699394654            -4.474238780085591
            -5.619530952173138            -4.474495862196156            -5.596521596225165            -4.545988028734040            -5.634889353467155            -4.473645309092080
