            -4.608209051254748            -3.627358522516964            -4.315610108434019            -3.610879905093537            -4.588385354232781            -3.588830900704968
            -4.608209051254748            -3.627358522516964            -4.315610108434019            -3.610879905093537            -4.588385354232781            -3.588830900704968
            -4.608209051254748            -3.627358522516964            -4.315610108434019            -3.610879905093537            -4.588385354232781            -3.588830900704968
            -4.608209051254748            -3.627358522516964            -4.315610108434019            -3.610879905093537            -4.588385354232781            -3.588830900704968
            -3.567642144407402            -3.177680284761331            -3.340507697070842            -3.164753934060563            -3.579877724084415            -3.123054341832419
            -3.343530083402776            -2.645930570545001            -2.831239250827172            -2.406660442303000            -3.308723606685474            -2.603258989910135
            -2.630318122080217            -2.178987766649336            -2.446153510504645            -1.979948581521397            -2.617152909143575            -2.126076144950195
            -2.630318122080217            -2.178987766649336            -2.446153510504645            -1.979948581521397            -2.617152909143575            -2.126076144950195
            -2.630318122080217            -2.178987766649336            -2.446153510504645            -1.979948581521397            -2.617152909143575            -2.126076144950195
            -2.630318122080217            -2.178987766649336            -2.446153510504645            -1.979948581521397            -2.617152909143575            -2.126076144950195
            -3.343530083402776            -2.645930570545001            -2.851399646186937            -2.421678669597997            -3.343588391601215            -2.609995138339647
            -3.567642144407402            -3.177680284761331            -3.345498459331886            -3.086638421087882            -3.581527054839539            -3.140172087670029
            -4.608209051254748            -3.627358522516964            -4.396859020156166            -3.575124859336213            -4.601403298150284            -3.597211666999679
            -4.608209051254748            -3.627358522516964            -4.315610108434019            -3.610879905093537            -4.588385354232781            -3.588830900704968
