           0         308         320
           0           1           1
           0         308         320
           0         308         332
           0         308         320
           0         308         331
           0         308           0
           0         307           0
         362           0           0
         362         308         316
         362         308         316
         362         308         316
         362         308         316
         388         308         318
         389         308         320
         389         308         320
         389         308         320
         379         308         316
         379         308         316
         379         308         316
         379         308         316
         379         308         316
         340         307         308
         346         307         318
         362         308         316
         379         308         316
         389         308         318
         388         308         318
         415         308         318
         406         308         318
         389         307         320
         407         308         320
         406         308         320
         416         307         320
         418         308         320
         407         308         320
         415         308         320
         417         308         320
         388         308         318
         388         308         318
         388         308         318
         388         308         318
         388         308         318
         337         307         316
         320        1001         324
         249         246         247
         237         236         233
         237         236         233
         297        1001         300
         297        1001         300
         297        1001         300
         297        1001         300
         297        1001         300
         297        1001         300
         297        1001         300
         298        1001         301
         298         388         302
         298         388         302
         298         388         302
         252         249         251
         325        1001         329
         250         249         247
         304         477         308
         304         477         308
         304         477         308
         304         477         308
         304         477         308
         304         477         308
         304         477         308
         304         477         308
         304         477         308
         304         477         308
         304         477         308
         304         477         308
         304         477         308
         288         302         288
         288         302         288
         304         477         308
         252         249         251
         252         249         251
         256         254         255
         256         254         255
         256         254         255
         252         253         249
         252         253         249
         249         240         243
         249         240         243
         249         240         243
         249         240         243
         249         240         243
         249         240         243
         252         252         249
         249         240         243
         251         250         247
         252         253         249
         252         251         249
         252         252         249
         317        1001         317
         248        1001         246
         248         252         251
         248         252         251
         248         251         246
         248         244         246
         248        1001         246
         248        1001         246
           0         248           0
           0         256           0
           0         248           0
           0         249           0
         248         249         249
         248         249         249
         248         249         246
         248         247         246
         248         247         246
         248         250         250
         248         250         250
         248         250         250
         101         101         101
         248         247         246
         248         247         246
         248         247         246
         248         250         246
         248         250         246
         248         250         247
         249         253         252
         249         253         252
         249         253         252
         249         253         252
         249         252         251
         249         253         252
         248         249         248
         248         249         248
         249         253         252
         249         253         252
           0         456           0
           0         456           0
           0         253           0
           0         456           0
           0         253           0
           0         456           0
           0         253           0
           0         253           0
           0         253           0
           0         253           0
           0         253           0
           0         253           0
           0         253           0
           0         450           0
           0        1001           0
           0         410           0
           0         253           0
           0         253           0
           0         253           0
           0         253           0
         249         253         252
         249         249         250
         250         249         250
         250         249         250
         249         253         252
         249         252         251
         252         252         251
         250         249         247
         253         252         252
         253         252         252
         253         252         252
         253         252         252
         252         249         251
         251         248         249
         253         251         252
         253         251         252
         250         248         247
         250         248         247
         250         248         247
         250         248         247
         250         248         247
         253         251         252
         253         251         252
         253         251         252
         252         249         251
         251         248         249
         259        1001         257
           0         252           0
         259         252         257
         259         253         258
<<<<<<< HEAD
         259         256         257
         259         256         257
         259         256         257
         259         256         257
=======
         339         572         344
         276         299         286
         276         299         286
         276         299         286
         274         293         284
>>>>>>> some minor adapiton of code
         265         268         258
         265         268         258
         265         268         258
         265         268         258
         265         268         258
         265         268         258
         265         268         258
         264         277         279
         264         277         279
         261         276         275
         264         277         279
         265         268         258
           0         268           0
         265         268         258
         257         252         253
         254         257         251
         257         252         253
         259         258         255
         262         258         260
         259         256         258
         259         256         258
         257         252         253
         258         255         256
         257         253         255
         257         253         255
         257         253         255
         257         253         255
         257         253         255
         257         253         255
         257         253         255
         257         253         255
         257         253         255
         257         253         255
         257         253         255
         257         253         255
         258         255         257
         258         255         257
         257         253         255
         257         253         255
         257         253         255
         257         253         255
         258         255         257
         259         256         258
         259         256         258
         259         256         258
         259         256         258
         259         256         258
         259         256         258
         259         255         257
         259         256         258
         259         256         258
         259         256         257
         259         256         257
         259         256         257
         259         256         257
         259         256         257
         259         256         257
         259         256         257
         259         256         257
         259         256         257
         259         256         257
         259         256         257
         259         256         257
         257         247         249
         257         247         249
         257         247         249
         257         247         249
         257         247         249
         258         254         256
         258         255         256
         259         257         258
         259         257         258
         259         257         258
         258         270         256
         258         251         253
         258         251         253
         259         255         256
         258         270         256
         249         244         246
         249         246         248
         249         246         248
         249         246         248
         249         246         248
         249         246         248
         258         256         257
         248         243         245
         248         243         245
         248         243         245
         248         243         245
         248         243         245
         248         243         245
         248         243         245
         249         249         246
         249         249         246
         249         249         246
         249         249         246
         249         249         246
         249         249         246
         249         249         246
         248         243         245
         248         243         245
         248         243         245
         249         243         244
         248         301         256
         245         265         258
         246         250         241
         248         243         245
         248         243         245
         246         250         241
         246         250         241
         248         243         245
         249         245         247
         249         245         247
         250         246         248
         250         246         248
         250         246         248
         250         246         248
         248         243         245
         248         244         246
         248         244         246
         248         244         246
         248         244         246
         248         244         246
         248         244         246
         248         244         246
         248         244         246
         248         244         246
         248         244         246
         248         243         245
         248         243         245
         248         243         245
         248         243         245
         248         243         245
         248         243         245
         248         243         245
         240         233         236
         249         261         247
         249         261         247
         249         261         247
         248         243         245
         248         243         245
         248         243         245
         248         243         245
         248         243         245
         248         243         245
         248         243         245
         249         261         247
         249         261         247
         249         261         247
         249         261         247
         249         261         247
         249         261         247
         249         261         247
         249         261         247
         249         261         247
         250         246         248
         250         246         248
         248         243         244
         248         243         245
         248         243         245
         249         245         247
         249         245         247
         248         243         244
         248         243         244
         248         243         244
         249         245         247
         249         245         246
         248         244         246
         249         246         248
         249         246         248
         249         246         248
         249         246         248
         249         246         248
         249         246         248
         248         244         246
         248         244         246
         248         244         246
         248         244         246
         249         246         248
         250         246         248
         250         246         248
         250         246         248
         250         246         248
         250         246         248
         248         244         246
         249         246         248
         250         246         248
         250         247         248
         248         243         244
         248         244         246
         249         245         246
         249         245         247
         249         246         248
         249         246         248
         250         246         248
         250         246         248
         250         246         248
         250         246         248
         250         246         248
         250         246         248
         250         247         248
         250         246         248
         250         247         248
         250         246         248
         250         247         248
         250         247         248
