             9.918590343746985             9.913630643641536             9.914437579528430
            10.008468312056543            10.003453542783188            10.004273706622872
            10.097231088907318            10.092178136649951            10.092995792476103
            10.184854543756748            10.179795346568515            10.180588114917004
            10.271445213769731            10.266314375271024            10.267148244843870
            10.356934593232200            10.351765566580667            10.352609458849759
            10.441297930087654            10.436137947509064            10.436950754502138
            10.524695616926838            10.519505024936787            10.520330916655404
            10.606956943787207            10.601850585789244            10.602579545346588
            10.688294067641065            10.683073917223819            10.683899244670776
            10.768541970162804            10.763404383068339            10.764130217236467
            10.847919541673461            10.842776806020192            10.843504888049459
            10.926240449091045            10.921275007094343            10.921834803296955
            11.003770708335358            10.998751203839657            10.999358310717163
            11.080354804111009            11.075462128647416            11.075949101432698
            11.156086162206913            11.151302177274127            11.151690716487700
            11.231067200603924            11.226282136507072            11.226689089646214
            11.305212643724435            11.300577888719953            11.300855384693968
            11.378627676977425            11.374034062137182            11.374293192910763
            11.451409332413061            11.446916293791739            11.447111105308624
            11.523464823705527            11.519043965353518            11.519204490713527
            11.594861282610498            11.590614275803990            11.590649022831229
            11.665767274002608            11.661531773485676            11.661596629045631
            11.736114606628714            11.731962369056319            11.731999349953405
            11.805904985641423            11.801842515486840            11.801867208542713
            11.875208875309378            11.871284261974600            11.871229295551364
            11.944068978907072            11.940338134362991            11.940172545382788
            12.012613239369452            12.008915887916315            12.008800957979320
            12.080759906804399            12.077149498183624            12.077043949176531
            12.148548844238931            12.145092529884231            12.144952198529031
            12.216032235653220            12.212680176874988            12.212542823736481
            12.283225956206218            12.280067769599061            12.279863539768973
            12.350176500716056            12.347215468510385            12.346958177277470
            12.416984200692022            12.414241059238282            12.413888327079256
            12.483622235583821            12.480961890430168            12.480678292446710
            12.550093052526528            12.547594159394883            12.547323672357747
            12.616436973170755            12.614179631561953            12.613853127943642
            12.682680616622946            12.680635321239571            12.680291326107886
            12.748835485232634            12.746946806633233            12.746649084877687
            12.814935185186268            12.813316291570397            12.812970439564884
            12.881008006042846            12.879659136531878            12.879278290933753
            12.947074859829351            12.946005543329701            12.945594163782500
            13.013155291115490            13.012395128302520            13.011938229417742
            13.079257616472484            13.078864550259556            13.078322889875198
            13.145406819152662            13.145354262539900            13.144766714817976
            13.211635711559332            13.211919745275651            13.211293401926309
            13.277968256337692            13.278578212100886            13.277920505180397
            13.344387340535194            13.345345287076434            13.344690484062960
            13.410905046405606            13.412235044256359            13.411577839229992
            13.477532130185647            13.479260039726555            13.478594086392750
            13.544278014822016            13.546455418277086            13.545749494946358
            13.611150832339693            13.613803511459455            13.613053174725687
            13.678157600603900            13.681305048402720            13.680512760040966
            13.745303743549043            13.748968103048107            13.748135208379241
            13.812593687338948            13.816803145067123            13.815925832753955
            13.880030447532301            13.884814294980153            13.883887994799661
            13.947614995422207            13.953004024366557            13.952023569241113
            14.015346605323380            14.021386217014960            14.020332887377588
            14.083222920733085            14.089971146744244            14.088814667056269
            14.151239555684720            14.158736410422462            14.157465912804200
            14.219390227936614            14.227620799018162            14.226271597012953
            14.287667059178064            14.296626107204212            14.295229282023003
            14.356047437239921            14.365788549833180            14.364335078237460
            14.424527763018670            14.435098962750265            14.433577346653266
            14.493097088345376            14.504611990969140            14.502934595727371
            14.561738219582541            14.574131194072912            14.572381896838730
            14.630408924598395            14.643757830531639            14.641917970243878
            14.699109504324241            14.713470503530502            14.711508510331031
            14.767804753454890            14.783212790743971            14.781123168727085
            14.836456068325999            14.852980644668953            14.850748553477002
            14.905063961693916            14.922700061419739            14.920325210784513
            14.973582059999893            14.992370548561343            14.989841030303751
            15.041947163216859            15.061928008768142            15.059239991293099
            15.110106138404920            15.131255242782187            15.128527919751221
            15.177995994652704            15.200542949148780            15.197601323945040
            15.245567540308720            15.269424146964088            15.266387683185553
            15.312749893319682            15.337917957958631            15.334823135743118
            15.379465423664900            15.406116384026209            15.402837438512563
            15.445628794027748            15.473790888563405            15.470345364000140
            15.511147895790776            15.540933010505611            15.537255715721708
            15.575972732141871            15.607456799301689            15.603466268336355
            15.640017227722275            15.673224430168839            15.668884341637890
            15.703066186027588            15.737942546164255            15.733465343779740
            15.764971454066599            15.801625389653919            15.796951316225481
            15.825566039333175            15.864148709631607            15.859169100555466
            15.884713700983671            15.925354040375023            15.919939797140236
            15.942346061293771            15.984823182327446            15.979128312398263
            15.998032586234727            16.042409386868439            16.036572560612360
            16.051513086168818            16.098125952734957            16.091841251726024
            16.102707102610005            16.151429930328248            16.144658183394149
            16.151128994013604            16.202057638268865            16.194945142174198
            16.196320509316791            16.249555453897656            16.241977665700077
            16.238139951488822            16.293646834549389            16.285541996819969
            16.275688912525652            16.333610818924452            16.324981420703878
            16.308749691963381            16.368943533235178            16.359792365893753
            16.336273729278226            16.398924211397972            16.389077586328153
            16.357482751092896            16.422589286811188            16.412159709639205
            16.371332686931691            16.438822299537605            16.427727058018665
            16.376202713139897            16.446077100724882            16.434303850146676
            16.369942421357671            16.442226997939116            16.429747119050639
