           100.000000000000000           100.000000000000000           100.000000000000000
            98.083849047289689            98.085190204445993            98.085197020196475
            96.275997683787651            96.278666864398417            96.278706986759346
            94.570860912956803            94.574847486381600            94.574947835860016
            92.963096244636773            92.968463154521913            92.968580296143216
            91.447725263899798            91.454463345360026            91.454629787647534
            90.019916522877537            90.027998375874844            90.028266853420902
            88.675021636751779            88.684553070297525            88.684847874146129
            87.408786119835000            87.419730527364933            87.420119630442628
            86.216933213301587            86.229416772610705            86.229808034208006
            85.095613877391287            85.109566098840901            85.110069573239485
            84.040941598966910            84.056496590512680            84.057017207275365
            83.049447295489244            83.066573529846821            83.067189232522125
            82.117582010575163            82.136484368977818            82.137040357664546
            81.242235952414347            81.262859144659856            81.263457836051771
            80.420230202228169            80.442716846755687            80.443271866690083
            79.648627263815328            79.673096315796371            79.673541206121257
            78.924704122992807            78.951131905740340            78.951553285456995
            78.245721457588715            78.274291333039628            78.274572153804129
            77.609186250351300            77.639977389922478            77.640098435175318
            77.012769678476417            77.045833235254236            77.045816664707800
            76.454133119481725            76.489558676006226            76.489391475504576
            75.931067412326399            75.969065306439504            75.968617364804345
            75.441650834444019            75.482243469679474            75.481562028172775
            74.983920496189526            75.027167345597078            75.026280067409957
            74.555990716449642            74.601958491385034            74.600889819499656
            74.156080571611568            74.204960846194481            74.203613000244403
            73.782547767038707            73.834523470554572            73.832792578916226
            73.433910846880281            73.489016336474435            73.486969585019509
            73.108646869134120            73.166950505952087            73.164624816709789
            72.805315962165807            72.866922485841314            72.864322442558048
            72.522556535288913            72.587553178066287            72.584703732868022
            72.259079501369399            72.327663231458175            72.324483497527808
            72.013664595621094            72.086023497575880            72.082445297589459
            71.785232446691325            71.861534040877331            71.857482336271374
            71.572708879380500            71.653012333561378            71.648555361929155
            71.375040678468679            71.459449699914302            71.454614939164074
            71.191227958950023            71.279900096207314            71.274664617074151
            71.020320075675386            71.113391149212006            71.107757082610817
            70.861411720759705            70.958975473067312            70.952990071741553
            70.713640207877035            70.815862438260623            70.809504373143540
            70.576181953092657            70.683223111190046            70.676479636723769
            70.448249117307867            70.560276364135902            70.553131174719141
            70.329086539461102            70.446302666796200            70.438706872960879
            70.217968569728598            70.340608410190640            70.332483975755082
            70.114196669925960            70.242466095062952            70.233766490611586
            70.017114340750211            70.151197032585998            70.141882574130818
            69.926100331795496            70.066145445601762            70.056185048697387
            69.840513980645426            69.986675542462194            69.976084427353243
            69.759731220175041            69.912168661848114            69.900958173682341
            69.683141952505650            69.842020473515234            69.830197396954858
            69.610147446296395            69.775657482939252            69.763204204451526
            69.540157745354151            69.712493402732264            69.699389062953713
            69.472589070841394            69.651941791599839            69.638168137951865
            69.406861207366333            69.593420414241535            69.578960664194142
            69.342394881983694            69.536351118662267            69.521186215026432
            69.278609085071011            69.480153837342087            69.464261905862458
            69.214918300286612            69.424243589103597            69.407599565662821
            69.150729496747687            69.368038103638469            69.350602822831036
            69.085439200717886            69.310953753938463            69.292664081186047
            69.018429997068850            69.252377340309181            69.233161337642812
            68.949067182796739            69.191638872016142            69.171455411028134
            68.876695817350878            69.128051897656718            69.106885812735911
            68.800637159463619            69.060935670152574            69.038766690948052
            68.720184993884487            68.989581771118807            68.966382032344612
            68.634601465595779            68.913311319463972            68.888982521694203
            68.543112699568326            68.831268633898119            68.805781196288009
            68.444904526369157            68.742637606141798            68.715948443715831
            68.339116762796124            68.646564080532187            68.618606819941149
            68.224838035992164            68.542141822650180            68.512825419805665
            68.101099793979586            68.428400245546129            68.397613102653409
            67.966898530600446            68.304284228160171            68.271912504932033
            67.821176295482132            68.168671129239030            68.134590872166882
            67.662751026858999            68.020357631955335            67.984443684176284
            67.490353110666248            67.857978885323405            67.820240962956547
            67.302615887530820            67.680271140918364            67.640574848093010
            67.098063208429409            67.485611614814118            67.443924660457682
            66.875097801314354            67.272315716012486            67.228643081283380
            66.631987247131178            67.038692047311528            66.992941262072407
            66.366848003216163            66.782773162188874            66.734872658299992
            66.077627227219111            66.502535091921672            66.452314157886633
            65.762151713443785            66.195751381007383            66.142944313829958
            65.418073958525241            65.859922748141443            65.804250264156792
            65.042693377902481            65.492176317293328            65.433607345907120
            64.633033975269683            65.089464474536783            65.027932521829584
            64.185805741848128            64.648488819259384            64.583817946073466
            63.697408925792786            64.165645046270072            64.097480756150915
            63.163989644609195            63.636647049903111            63.564815165175283
            62.580975520131844            63.056759016413260            62.981294253743748
            61.943213717613403            62.420981827881732            62.341598175527110
            61.245091039567974            61.723323397906022            61.639730902739487
            60.479983809809710            60.956972035235509            60.869138612903257
            59.640128043891771            60.114109011122181            60.021837194641172
            58.716673428962864            59.185483664517292            59.088728133457664
            57.698557016307895            58.160017680383859            58.058768366061649
            56.572433390645308            57.023981599011826            56.918480197624149
            55.320699609946807            55.759711872907680            55.650429383386616
            53.919140090476446            54.342941981810817            54.231007057883602
            52.330452810769486            52.736367425737924            52.624135973760126
            50.482959838595576            50.868312554004788            50.761786712011322
