             2.993812082419895             2.993102185702580             2.993805070593934
             2.965013141171907             2.964035997739380             2.965003605357225
             2.935718364785831             2.934738390345731             2.935706638278226
             2.906047695797566             2.905334193979958             2.906033273251349
             2.876599302418938             2.875705221970217             2.876582710720466
             2.846712770232288             2.845925417790719             2.846692416265738
             2.816828986896263             2.816289912355936             2.816806487649643
             2.787123364540501             2.786309528704769             2.787095944422750
             2.757188875718315             2.756547232133005             2.757159214043019
             2.727371769231028             2.726865045192525             2.727335998736995
             2.697863819398302             2.697127950670789             2.697825640350476
             2.668287805165202             2.667589668040210             2.668243407141004
             2.638747774650103             2.638396396741966             2.638699388612110
             2.609776055988207             2.609274487892670             2.609722144451894
             2.580844707203097             2.580164926898297             2.580783977812131
             2.552007440037468             2.551577670187786             2.551942254970101
             2.523541113405551             2.523099318950637             2.523465803724166
             2.495454483850345             2.494982121093721             2.495375830366075
             2.467530376217403             2.466903130486798             2.467437483684123
             2.439794188693372             2.439454734482490             2.439697711580295
             2.412511423980920             2.412098295577304             2.412398850524880
             2.385588983832707             2.385099486626449             2.385471443251809
             2.358894534784390             2.358316701449500             2.358761058537544
             2.332439641352739             2.332036239427162             2.332296563922764
             2.306353679178997             2.305964751310026             2.306195528587272
             2.280713564454010             2.280235523661678             2.280539897595632
             2.255312156433060             2.254758678298954             2.255123668128759
             2.230172382697902             2.229629519081513             2.229963731492554
             2.205283107974823             2.204811045920197             2.205056992639479
             2.180834696207662             2.180373177233449             2.180591773528112
             2.156677281007704             2.156069270565786             2.156403654613790
             2.132742909020164             2.132091060247321             2.132457603703246
             2.109045236567467             2.108374999735682             2.108722251239914
             2.085568496431919             2.084954583038488             2.085219751632595
             2.062429657529858             2.061738144274679             2.062053715065749
             2.039510863219002             2.038700963979637             2.039095796945214
             2.016762497444303             2.015884645261838             2.016313527522497
             1.994152988305060             1.993208319143421             1.993664889644397
             1.971684958993227             1.970700552387363             1.971153794450231
             1.949387067889794             1.948366138594346             1.948813939813253
