           146.957981523534357           147.259216779547643           147.242268876504426
           147.368227233846937           147.684911217156980           147.666512404788392
           147.774891400539303           148.108338202854497           148.087757498342370
           148.178026145208605           148.526362998289329           148.506982250506439
           148.575762617647882           148.941630050503107           148.921236284382132
           148.971151536844815           149.357670422206411           149.333811128243440
           149.365853702158716           149.767662099100846           149.746450991582918
           149.755429059958203           150.180297377536988           150.154922451439234
           150.146619214890620           150.590414924215736           150.566095231499617
           150.533753030877506           151.000778449637181           150.972945901917967
           150.923322430170856           151.410115355107109           151.383265384958690
           151.309151705460408           151.823384553722804           151.791362308109967
           151.697714525960919           152.234413032029266           152.203982894917431
           152.083278579503315           152.648658757896925           152.613298415308833
           152.471935129516623           153.063155672416087           153.027086113274009
           152.860333138803384           153.479526225426298           153.442399008085886
           153.247843184263047           153.899961181756964           153.857467284740238
           153.639117932014813           154.319763736415013           154.277405288555258
           154.029065879837248           154.741498138032711           154.697977857412639
           154.419529771152355           155.168919251199156           155.120145997097723
           154.811449267953776           155.596072628551553           155.544790575737551
           155.206109153862997           156.024990467630829           155.974017012863982
           155.597842534927054           156.456566634530873           156.402018902153657
           155.991179963122107           156.891888989212561           156.832450908856828
           156.384793928131330           157.330008508431007           157.266206800931315
           156.780593296979987           157.765793202252098           157.701407909898563
           157.174011601688051           158.205330247515633           158.139460271277301
           157.565917376173132           158.645898330105354           158.575290451119685
           157.957090845687617           159.088170630899498           159.012617410490606
           158.346960835065602           159.532605257811156           159.451956205498107
           158.736249327644714           159.976453122734569           159.890812536399437
           159.122431020842299           160.417555139567668           160.329597991172960
           159.505876389980415           160.859109559039155           160.768526197867317
           159.884794042733176           161.299731780180309           161.205181647966015
           160.258280161236684           161.737534944913421           161.637388468971238
           160.626302501837387           162.173573963251044           162.067607343834709
           160.988998682293271           162.606955276156327           162.494938906195955
           161.345332339325097           163.036310821563916           162.918172477335190
           161.692863374371456           163.459347879580520           163.334795935628165
           162.031287323756743           163.876781266092195           163.745536223582576
           162.359909000040204           164.287381615965671           164.149215386756453
           162.677394597686913           164.689596520231447           164.544570758993046
           162.982321034354726           165.081334823947230           164.930248552079377
           163.272162993856199           165.461525967563801           165.304133497852661
           163.546051091564891           165.828914154151619           165.664726261716709
           163.802261516563391           166.182454315574603           166.011092177756467
           164.038651548121493           166.520371048724627           166.341377262094028
           164.253976048848841           166.840761148913714           166.652883386523456
           164.446133366283078           167.141585104560875           166.944476531797022
           164.612882573626223           167.420658185095647           167.213960033948240
           164.751834876965830           167.675639380964242           167.458983022865596
           164.860444666936303           167.904018482872658           167.677030556998943
           164.936000174197204           168.103117532872773           167.865413396823101
           164.975613634180604           168.270075368059963           168.021257123995554
           164.976211368411157           168.401832620444821           168.141490945701975
           164.934523136998081           168.495120745831002           168.222836392221382
           164.847071348580499           168.546451456630564           168.261795465753693
           164.710160281312454           168.552108936362742           168.254638231481863
           164.519864795630951           168.508128755826590           168.197389987598967
           164.272018667502664           168.410277296798256           168.085818049488751
           163.962202905415580           168.252844790605820           167.914007489093024
           163.585733675820620           168.031094789586604           167.677604959264045
           163.135950327440099           167.740785897391021           167.372132556379256
           162.608569817494867           167.376504658693278           166.992163754846501
           161.998438683113534           166.931590527811352           166.530740514269326
           161.299612509637399           166.397850272862399           165.980237727450941
           160.502527710782203           165.771403219718422           165.336449864885481
           159.603634486816361           165.043595551717971           164.590442314598619
           158.594497525917490           164.204692365276543           163.733715261219658
           157.466122587499598           163.249827143797120           162.760536929062539
           156.212048486137292           162.165889248805684           161.657898398236199
           154.820519354844748           160.948179959852922           160.420606014624070
           153.285075047506467           159.582839507415031           159.035062785810936
           151.595246835742046           158.061032882642053           157.491142184015700
           149.739030674264484           156.372541710874088           155.779383268169539
           147.707473515716117           154.502165023856861           153.885267395632638
           145.488446199131062           152.438163803334447           151.796320749127034
           143.069245891137570           150.167880271012677           149.499694935486076
           140.436600455281450           147.676177747140173           146.980421110786438
           137.576681747545024           144.946158951675756           144.222783914964509
           134.474485633585317           141.962091189937155           141.210325900014539
           131.114828738865640           138.707834146918799           137.925556296647841
           127.483369121168153           135.161248531597636           134.344940720619320
           123.562920922598181           131.306968687462131           130.454367746172551
           119.334922057136964           127.121366863101102           126.230090205177333
           114.782073107474645           122.583132042597924           121.651649676351013
           109.884521664028739           117.667175503626609           116.691094038528405
           104.623243866490171           112.351172859129562           111.324261014161209
            98.978087269573621           106.605427846392004           105.523807160248964
            92.928549433420002           100.404496841606630            99.261598152663382
            86.453904930656975            93.720709433034443            92.505829078078577
            79.535447637221253            86.521257278781832            85.225530803681878
            72.152953300635971            78.779547651268032            77.386993804793306
            64.292383484982238            70.461011845759757            68.953607330801688
            55.941381918850510            61.540807821040943            59.891230601179686
            47.099978689612698            52.001180845129412            50.170227868213580
            37.784409026240453            41.836471017867694            39.762941066263693
            28.046510216428914            31.096243120640466            28.671586226046241
            18.022651868543857            19.984131438860921            16.968444886841361
             8.091957098590592             8.109803203022652             8.106724892100543
