           100.000000000000000           100.000000000000000           100.000000000000000
           103.573373916973438           103.576701955564786           103.575845116657661
           107.012282243367167           107.019213028185533           107.017405357336145
           110.322653763170052           110.333453014789924           110.330612063575401
           113.510210130172723           113.525016534948932           113.521180399461258
           116.580152384793323           116.599283845505113           116.594312995775283
           119.537641891960121           119.561422320752357           119.555173847261415
           122.387708378121658           122.416231903877062           122.408787550231381
           125.134746489636925           125.168363496252070           125.159549965580382
           127.783454265195516           127.822169232745381           127.812158404766706
           130.337783410445695           130.382102872774823           130.370569213047020
           132.802000779715200           132.851941381004650           132.839058191630869
           135.179621503328320           135.235543550286650           135.221123272733394
           137.474556044300613           137.536285741508351           137.520665308007551
           139.689868814791566           139.757865621033829           139.740777243239847
           141.828962283731528           141.903212931471955           141.884842805675589
           143.894858539164716           143.975405468002407           143.955894548215326
           145.890216346712890           145.977441383746282           145.956576299028967
           147.817873536657004           147.911694234722518           147.889725488364178
           149.680248510043612           149.780857728882665           149.757776795575751
           151.479460098809227           151.587042008740099           151.562822775908955
           153.217790083222724           153.332506975943119           153.307146572628938
           154.897305348321680           155.019029096935441           154.992806940092237
           156.519491320891746           156.648559629834210           156.621320429143708
           158.086000138715235           158.222632340528634           158.194306024841438
           159.598397669622642           159.742805793573893           159.713308019421163
           161.058044726966187           161.210199194694468           161.179710307675975
           162.466063162206012           162.625889950179555           162.594640628399532
           163.823200305820421           163.991033430828281           163.958816557860928
           165.130362250582863           165.306440756221747           165.273132628029174
           166.388291738472930           166.572736975884993           166.538307679233583
           167.597556489298768           167.790578134230287           167.754923190684337
           168.758589553276579           168.960133417448588           168.923391618284256
           169.871657872834618           170.081680779999658           170.043961309931746
           170.936679533083549           171.155150438943167           171.116623031470908
           171.953566463648286           172.180777103153702           172.141207698736821
           172.922167998857020           173.158268732531155           173.117539391106988
           173.842174865952103           174.087151101864521           174.045295310827612
           174.713133433343842           174.967039899068055           174.924010034704764
           175.534461777880836           175.797487371565751           175.753090672904165
           176.305425421315363           176.577530461362500           176.531779783092787
           177.025141935730744           177.306296934338917           177.259177149896573
           177.692587607579895           177.982743854148850           177.934240167115831
           178.306597569791990           178.605616544379046           178.555783969326427
           178.865876396690510           179.173502419208063           179.122488459251258
           179.368978574928661           179.685026047250091           179.632889935461861
           179.814267976856001           180.138589424329439           180.085373360820142
           180.199929678791392           180.532445684044546           180.478170691680305
           180.524096969968923           180.864698564092691           180.809271221162845
           180.784756748795502           181.133301600709643           181.076635964160602
           180.979748070114226           181.336057063123064           181.278077195184949
           181.106760480846845           181.470556547416948           181.411256789526533
           181.163332089639141           181.534300454402569           181.473684260763861
           181.146847231787348           181.524651915486544           181.462714941511706
           181.054534397972247           181.438814255119183           181.375547035554661
           180.883463275090946           181.273820141123849           181.209219545931376
           180.630541977375600           181.026539245698331           180.960610343278603
           180.292514736275081           180.693675965236963           180.626433485085471
           179.865959254552223           180.271735074936203           180.203236353691267
           179.347283426859150           179.757021306504015           179.687396619787279
           178.732722928642630           179.145709833177932           179.075119088798431
           178.018337880676597           178.433923626295865           178.362442141600866
           177.200007911440110           177.617592878578876           177.545220488308189
           176.273441273481524           176.692369151967824           176.619121121756137
           175.234148551401631           175.653712230833406           175.579626274217446
           174.077442837518021           174.496714544501657           174.422035209702017
           172.798438272076453           173.216684519370972           173.141460562033302
           171.392067105601058           171.808476473121516           171.732796141769143
           169.853027889088594           170.266720536568897           170.190741762545741
           168.175810784976477           168.585863112572383           168.509789843073975
           166.354690205293480           166.760112600457802           166.684197932720735
           164.383626553417116           164.783521002893025           164.708022863049081
           162.256318895045865           162.649856913628980           162.575061400627419
           159.966302071528389           160.352662891131132           160.278861149750668
           157.506849803534863           157.885405068564722           157.812554009517669
           154.870964259528961           155.240718224275128           155.169165236925750
           152.051340648870081           152.411632905715862           152.341444053341462
           149.040361217820475           149.390693092321300           149.321829683734109
           145.830071174860961           146.169746556976463           146.102426983189304
           142.412150527998591           142.740602543135651           142.674984607828094
           138.777878676224475           139.094427439186205           139.030858089581528
           134.917947914873082           135.221950336707579           135.160970362529667
           130.822486349736948           131.113517807866060           131.055699441432637
           126.481317539858125           126.759274128575058           126.704621581991802
           121.883665884046181           122.148459351137049           122.097049657895226
           117.018078942698736           117.269504122316349           117.221620033226500
           111.872223275633374           112.109965918600693           112.066180462149575
           106.432564735218605           106.657016901699450           106.617480203279825
           100.685011352004139           100.896637100797989           100.861072957139328
            94.614287462420023            94.812980174790809            94.781682419734523
            88.203303159844396            88.389333839771766            88.362546222106232
            81.433676619641147            81.607201723452704            81.584694787178279
            74.285272728510407            74.446137889941213            74.427849855199412
            66.735201374359320            66.883239102211718            66.868950858519725
            58.758577764861975            58.893022093418871            58.882391418434850
            50.326723077702773            50.446596144800992            50.439051955430344
            41.407583168155099            41.511007405460269            41.506021913129238
            31.964118896305262            32.048362254189783            32.045114107323784
            21.952911585750904            22.014309784721526            22.012028908383819
            11.321646437498112            11.355395742538635            11.353568447849506
