            20.000000000000000             0.358802300000000             0.078000500000000             0.234001500000000
            25.000000000000000             0.624004000000000             0.124800800000000             0.358802300000000
            30.000000000000000             0.795605100000000             0.171601100000000             0.499203200000000
            40.000000000000000             1.435209200000000             0.327602100000000             0.858005500000000
            50.000000000000000             2.230814300000000             0.499203200000000             1.357208700000000
            60.000000000000000             3.166820300000000             0.717604600000000             1.934412400000000
            70.000000000000000             4.321227700000000             0.998406399999999             2.636416900000000
            80.000000000000000             5.522435400000000             1.357208700000000             3.463222200000000
            90.000000000000000             6.988844800000000             1.747211200000001             4.305627599999999
           100.000000000000000             9.172858800000000             2.277614600000000             5.382034500000001
           110.000000000000000            10.514467399999999             2.761217700000000             6.427241199999999
           120.000000000000000            12.589280700000000             3.322821299999999             7.722049500000001
           130.000000000000000            14.601693600000001             3.931225200000000             9.266459399999999
           140.000000000000000            17.269310699999998             4.758030499999997            10.483267200000000
           150.000000000000000            19.687326200000001             5.631636099999998            12.136877800000001
           175.000000000000000            27.019373200000000             7.846850300000003            16.692107000000000
           200.000000000000000            35.303026299999999            10.888869800000002            21.933740599999993
           300.000000000000000            80.839718199999993            30.700996799999999            51.183928100000003
