             0.000000000000000             0.000000000000000             0.000000000000000             0.000000000000000
             0.000000000000000             0.000000000000000             0.000000000000000             0.000000000000000
             0.000000000000000             0.000000000000000             0.000000000000000             0.000000000000000
             1.965612600000000             1.092007000000000             0.000000000000000             0.733204700000000
             0.000000000000000             0.000000000000000             0.000000000000000             0.000000000000000
             0.000000000000000             0.000000000000000             0.000000000000000             0.000000000000000
             0.000000000000000             0.000000000000000             0.000000000000000             0.000000000000000
             1.903212200000000             1.045206700000000             0.000000000000000             0.733204700000000
             0.000000000000000             0.000000000000000             0.000000000000000             0.000000000000000
             0.000000000000000             0.000000000000000             0.000000000000000             0.000000000000000
             0.000000000000000             0.000000000000000             0.000000000000000             0.000000000000000
             1.950012500000000             1.045206700000000             0.000000000000000             0.733204700000000
             0.000000000000000             0.000000000000000             0.000000000000000             0.000000000000000
             0.000000000000000             0.000000000000000             0.000000000000000             0.000000000000000
             0.000000000000000             0.000000000000000             0.000000000000000             0.000000000000000
             1.950012500000000             1.029606600000000             0.000000000000000             0.733204700000000
             0.000000000000000             0.000000000000000             0.000000000000000             0.000000000000000
             0.000000000000000             0.000000000000000             0.000000000000000             0.000000000000000
             0.000000000000000             0.000000000000000             0.000000000000000             0.000000000000000
             1.934412400000000             1.045206700000000             0.000000000000000             0.733204700000000
             0.000000000000000             0.000000000000000             0.000000000000000             0.000000000000000
             0.000000000000000             0.000000000000000             0.000000000000000             0.000000000000000
             0.000000000000000             0.000000000000000             0.000000000000000             0.000000000000000
             1.950012500000000             1.029606600000000             0.000000000000000             0.733204700000000
             0.000000000000000             0.000000000000000             0.000000000000000             0.000000000000000
             0.000000000000000             0.000000000000000             0.000000000000000             0.000000000000000
             0.000000000000000             0.000000000000000             0.000000000000000             0.000000000000000
             1.950012500000000             1.045206700000000             0.000000000000000             0.717604600000000
             0.000000000000000             0.000000000000000             0.000000000000000             0.000000000000000
             0.000000000000000             0.000000000000000             0.000000000000000             0.000000000000000
             0.000000000000000             0.000000000000000             0.000000000000000             0.000000000000000
             6.879644100000000             2.137213700000000             0.000000000000000             1.466409400000000
             0.000000000000000             0.000000000000000             0.000000000000000             0.000000000000000
             0.000000000000000             0.000000000000000             0.000000000000000             0.000000000000000
             0.000000000000000             0.000000000000000             0.000000000000000             0.000000000000000
             7.035645100000000             2.168413900000001             0.000000000000000             1.482009499999998
             0.000000000000000             0.000000000000000             0.000000000000000             0.000000000000000
             0.000000000000000             0.000000000000000             0.000000000000000             0.000000000000000
             0.000000000000000             0.000000000000000             0.000000000000000             0.000000000000000
             6.817243700000000             2.152813800000000             0.000000000000000             1.466409400000000
             0.000000000000000             0.000000000000000             0.000000000000000             0.000000000000000
             0.000000000000000             0.000000000000000             0.000000000000000             0.000000000000000
             0.000000000000000             0.000000000000000             0.000000000000000             0.000000000000000
             6.848443899999999             2.152813800000001             0.000000000000000             1.466409400000000
             0.000000000000000             0.000000000000000             0.000000000000000             0.000000000000000
             0.000000000000000             0.000000000000000             0.000000000000000             0.000000000000000
             0.000000000000000             0.000000000000000             0.000000000000000             0.000000000000000
             6.973244700000000             2.152813799999999             0.000000000000000             1.466409400000002
             0.000000000000000             0.000000000000000             0.000000000000000             0.000000000000000
             0.000000000000000             0.000000000000000             0.000000000000000             0.000000000000000
             0.000000000000000             0.000000000000000             0.000000000000000             0.000000000000000
             6.973244700000000             2.152813800000000             0.000000000000000             1.466409400000000
             0.000000000000000             0.000000000000000             0.000000000000000             0.000000000000000
             0.000000000000000             0.000000000000000             0.000000000000000             0.000000000000000
             0.000000000000000             0.000000000000000             0.000000000000000             0.000000000000000
             1.934412400000000             1.029606600000000             0.000000000000000             0.733204700000000
             0.000000000000000             0.000000000000000             0.000000000000000             0.000000000000000
             0.000000000000000             0.000000000000000             0.000000000000000             0.000000000000000
             0.000000000000000             0.000000000000000             0.000000000000000             0.000000000000000
             1.965612600000000             1.045206700000000             0.000000000000000             0.717604600000000
             0.000000000000000             0.000000000000000             0.000000000000000             0.000000000000000
             0.000000000000000             0.000000000000000             0.000000000000000             0.000000000000000
             0.000000000000000             0.000000000000000             0.000000000000000             0.000000000000000
             1.950012500000000             1.045206700000000             0.000000000000000             0.717604600000000
             0.000000000000000             0.000000000000000             0.000000000000000             0.000000000000000
             0.000000000000000             0.000000000000000             0.000000000000000             0.000000000000000
             0.000000000000000             0.000000000000000             0.000000000000000             0.000000000000000
             1.950012500000000             1.029606600000000             0.000000000000000             0.733204700000000
             0.000000000000000             0.000000000000000             0.000000000000000             0.000000000000000
             0.000000000000000             0.000000000000000             0.000000000000000             0.000000000000000
             0.000000000000000             0.000000000000000             0.000000000000000             0.000000000000000
             1.950012500000000             1.045206700000000             0.000000000000000             0.717604600000000
             0.000000000000000             0.000000000000000             0.000000000000000             0.000000000000000
             0.000000000000000             0.000000000000000             0.000000000000000             0.000000000000000
             0.000000000000000             0.000000000000000             0.000000000000000             0.000000000000000
             1.950012500000000             1.045206700000000             0.000000000000000             0.748804800000000
             0.000000000000000             0.000000000000000             0.000000000000000             0.000000000000000
             0.000000000000000             0.000000000000000             0.000000000000000             0.000000000000000
             0.000000000000000             0.000000000000000             0.000000000000000             0.000000000000000
             1.950012500000000             1.045206700000000             0.000000000000000             0.733204700000000
             0.000000000000000             0.000000000000000             0.000000000000000             0.000000000000000
             0.000000000000000             0.000000000000000             0.000000000000000             0.000000000000000
             0.000000000000000             0.000000000000000             0.000000000000000             0.000000000000000
             1.950012500000000             1.029606600000000             0.000000000000000             0.717604600000000
             0.000000000000000             0.000000000000000             0.000000000000000             0.000000000000000
             0.000000000000000             0.000000000000000             0.000000000000000             0.000000000000000
             0.000000000000000             0.000000000000000             0.000000000000000             0.000000000000000
             1.950012500000000             1.045206700000000             0.000000000000000             0.748804800000000
             0.000000000000000             0.000000000000000             0.000000000000000             0.000000000000000
             0.000000000000000             0.000000000000000             0.000000000000000             0.000000000000000
             0.000000000000000             0.000000000000000             0.000000000000000             0.000000000000000
             1.950012500000000             1.045206700000000             0.000000000000000             0.717604600000000
             0.000000000000000             0.000000000000000             0.000000000000000             0.000000000000000
             0.000000000000000             0.000000000000000             0.000000000000000             0.000000000000000
             0.000000000000000             0.000000000000000             0.000000000000000             0.000000000000000
             1.950012500000000             1.029606600000000             0.000000000000000             0.733204700000000
             0.000000000000000             0.000000000000000             0.000000000000000             0.000000000000000
             0.000000000000000             0.000000000000000             0.000000000000000             0.000000000000000
             0.000000000000000             0.000000000000000             0.000000000000000             0.000000000000000
             1.965612600000000             1.029606600000000             0.000000000000000             0.717604600000000
             0.000000000000000             0.000000000000000             0.000000000000000             0.000000000000000
             0.000000000000000             0.000000000000000             0.000000000000000             0.000000000000000
             0.000000000000000             0.000000000000000             0.000000000000000             0.000000000000000
             1.934412400000000             1.045206700000000             0.000000000000000             0.733204700000000
             0.000000000000000             0.000000000000000             0.000000000000000             0.000000000000000
             0.000000000000000             0.000000000000000             0.000000000000000             0.000000000000000
             0.000000000000000             0.000000000000000             0.000000000000000             0.000000000000000
             1.950012500000000             1.029606600000000             0.000000000000000             0.733204700000000
             0.000000000000000             0.000000000000000             0.000000000000000             0.000000000000000
             0.000000000000000             0.000000000000000             0.000000000000000             0.000000000000000
             0.000000000000000             0.000000000000000             0.000000000000000             0.000000000000000
             1.950012500000000             1.045206700000000             0.000000000000000             0.717604600000000
             0.000000000000000             0.000000000000000             0.000000000000000             0.000000000000000
             0.000000000000000             0.000000000000000             0.000000000000000             0.000000000000000
             0.000000000000000             0.000000000000000             0.000000000000000             0.000000000000000
             1.950012500000000             1.045206700000000             0.000000000000000             0.717604600000000
             0.000000000000000             0.000000000000000             0.000000000000000             0.000000000000000
             0.000000000000000             0.000000000000000             0.000000000000000             0.000000000000000
             0.000000000000000             0.000000000000000             0.000000000000000             0.000000000000000
             1.950012500000000             1.045206700000000             0.000000000000000             0.717604600000000
             0.000000000000000             0.000000000000000             0.000000000000000             0.000000000000000
             0.000000000000000             0.000000000000000             0.000000000000000             0.000000000000000
             0.000000000000000             0.000000000000000             0.000000000000000             0.000000000000000
             1.950012500000000             1.045206700000000             0.000000000000000             0.717604600000000
             0.000000000000000             0.000000000000000             0.000000000000000             0.000000000000000
             0.000000000000000             0.000000000000000             0.000000000000000             0.000000000000000
             0.000000000000000             0.000000000000000             0.000000000000000             0.000000000000000
             1.950012500000000             1.045206700000000             0.000000000000000             0.717604600000000
             0.000000000000000             0.000000000000000             0.000000000000000             0.000000000000000
             0.000000000000000             0.000000000000000             0.000000000000000             0.000000000000000
             0.000000000000000             0.000000000000000             0.000000000000000             0.000000000000000
             1.950012500000000             1.029606600000000             0.000000000000000             0.733204700000000
             0.000000000000000             0.000000000000000             0.000000000000000             0.000000000000000
             0.000000000000000             0.000000000000000             0.000000000000000             0.000000000000000
             0.000000000000000             0.000000000000000             0.000000000000000             0.000000000000000
             1.950012500000000             1.045206700000000             0.000000000000000             0.717604600000000
             0.000000000000000             0.000000000000000             0.000000000000000             0.000000000000000
             0.000000000000000             0.000000000000000             0.000000000000000             0.000000000000000
             0.000000000000000             0.000000000000000             0.000000000000000             0.000000000000000
             1.809611600000000             1.123207200000000             0.000000000000000             0.795605100000000
             0.000000000000000             0.000000000000000             0.000000000000000             0.000000000000000
             0.000000000000000             0.000000000000000             0.000000000000000             0.000000000000000
             0.000000000000000             0.000000000000000             0.000000000000000             0.000000000000000
             1.809611600000000             1.107607100000000             0.000000000000000             0.780005000000000
             0.000000000000000             0.000000000000000             0.000000000000000             0.000000000000000
             0.000000000000000             0.000000000000000             0.000000000000000             0.000000000000000
             0.000000000000000             0.000000000000000             0.000000000000000             0.000000000000000
             1.809611600000000             1.107607100000000             0.000000000000000             0.795605100000000
             0.000000000000000             0.000000000000000             0.000000000000000             0.000000000000000
             0.000000000000000             0.000000000000000             0.000000000000000             0.000000000000000
             0.000000000000000             0.000000000000000             0.000000000000000             0.000000000000000
             1.809611600000000             1.107607100000000             0.000000000000000             0.780005000000000
             0.000000000000000             0.000000000000000             0.000000000000000             0.000000000000000
             0.000000000000000             0.000000000000000             0.000000000000000             0.000000000000000
             0.000000000000000             0.000000000000000             0.000000000000000             0.000000000000000
             1.809611600000000             1.123207200000000             0.000000000000000             0.780005000000000
             0.000000000000000             0.000000000000000             0.000000000000000             0.000000000000000
             0.000000000000000             0.000000000000000             0.000000000000000             0.000000000000000
             0.000000000000000             0.000000000000000             0.000000000000000             0.000000000000000
             1.809611600000000             1.107607100000000             0.000000000000000             0.795605100000000
             0.000000000000000             0.000000000000000             0.000000000000000             0.000000000000000
             0.000000000000000             0.000000000000000             0.000000000000000             0.000000000000000
             0.000000000000000             0.000000000000000             0.000000000000000             0.000000000000000
             1.809611600000000             1.107607100000000             0.000000000000000             0.795605100000000
             0.000000000000000             0.000000000000000             0.000000000000000             0.000000000000000
             0.000000000000000             0.000000000000000             0.000000000000000             0.000000000000000
             0.000000000000000             0.000000000000000             0.000000000000000             0.000000000000000
             1.809611600000000             1.107607100000000             0.000000000000000             0.780005000000000
             0.000000000000000             0.000000000000000             0.000000000000000             0.000000000000000
             0.000000000000000             0.000000000000000             0.000000000000000             0.000000000000000
             0.000000000000000             0.000000000000000             0.000000000000000             0.000000000000000
             1.809611600000000             1.107607100000000             0.000000000000000             0.795605100000000
             0.000000000000000             0.000000000000000             0.000000000000000             0.000000000000000
             0.000000000000000             0.000000000000000             0.000000000000000             0.000000000000000
             0.000000000000000             0.000000000000000             0.000000000000000             0.000000000000000
             1.809611600000000             1.123207200000000             0.000000000000000             0.795605100000000
             0.000000000000000             0.000000000000000             0.000000000000000             0.000000000000000
             0.000000000000000             0.000000000000000             0.000000000000000             0.000000000000000
             0.000000000000000             0.000000000000000             0.000000000000000             0.000000000000000
             1.965612600000000             1.201207700000000             0.000000000000000             0.873605600000000
             0.000000000000000             0.000000000000000             0.000000000000000             0.000000000000000
             0.000000000000000             0.000000000000000             0.000000000000000             0.000000000000000
             0.000000000000000             0.000000000000000             0.000000000000000             0.000000000000000
             1.981212700000000             1.201207700000000             0.000000000000000             0.858005500000000
             0.000000000000000             0.000000000000000             0.000000000000000             0.000000000000000
             0.000000000000000             0.000000000000000             0.000000000000000             0.000000000000000
             0.000000000000000             0.000000000000000             0.000000000000000             0.000000000000000
             1.950012500000000             1.201207700000000             0.000000000000000             0.873605600000000
             0.000000000000000             0.000000000000000             0.000000000000000             0.000000000000000
             0.000000000000000             0.000000000000000             0.000000000000000             0.000000000000000
             0.000000000000000             0.000000000000000             0.000000000000000             0.000000000000000
             1.950012500000000             1.201207700000000             0.000000000000000             0.873605600000000
             0.000000000000000             0.000000000000000             0.000000000000000             0.000000000000000
             0.000000000000000             0.000000000000000             0.000000000000000             0.000000000000000
             0.000000000000000             0.000000000000000             0.000000000000000             0.000000000000000
             1.965612600000000             1.201207700000000             0.000000000000000             0.858005500000000
             0.000000000000000             0.000000000000000             0.000000000000000             0.000000000000000
             0.000000000000000             0.000000000000000             0.000000000000000             0.000000000000000
             0.000000000000000             0.000000000000000             0.000000000000000             0.000000000000000
             1.950012500000000             1.201207700000000             0.000000000000000             0.873605600000000
             0.000000000000000             0.000000000000000             0.000000000000000             0.000000000000000
             0.000000000000000             0.000000000000000             0.000000000000000             0.000000000000000
             0.000000000000000             0.000000000000000             0.000000000000000             0.000000000000000
             1.965612600000000             1.201207700000000             0.000000000000000             0.858005500000000
             0.000000000000000             0.000000000000000             0.000000000000000             0.000000000000000
             0.000000000000000             0.000000000000000             0.000000000000000             0.000000000000000
             0.000000000000000             0.000000000000000             0.000000000000000             0.000000000000000
             1.950012500000000             1.185607600000000             0.000000000000000             0.873605600000000
             0.000000000000000             0.000000000000000             0.000000000000000             0.000000000000000
             0.000000000000000             0.000000000000000             0.000000000000000             0.000000000000000
             0.000000000000000             0.000000000000000             0.000000000000000             0.000000000000000
             1.950012500000000             1.201207700000000             0.000000000000000             0.873605600000000
             0.000000000000000             0.000000000000000             0.000000000000000             0.000000000000000
             0.000000000000000             0.000000000000000             0.000000000000000             0.000000000000000
             0.000000000000000             0.000000000000000             0.000000000000000             0.000000000000000
             1.965612600000000             1.201207700000000             0.000000000000000             0.873605600000000
             0.000000000000000             0.000000000000000             0.000000000000000             0.000000000000000
             0.000000000000000             0.000000000000000             0.000000000000000             0.000000000000000
             0.000000000000000             0.000000000000000             0.000000000000000             0.000000000000000
             1.950012500000000             1.045206700000000             0.000000000000000             0.733204700000000
             0.000000000000000             0.000000000000000             0.000000000000000             0.000000000000000
             0.000000000000000             0.000000000000000             0.000000000000000             0.000000000000000
             0.000000000000000             0.000000000000000             0.000000000000000             0.000000000000000
             1.965612600000000             1.045206700000000             0.000000000000000             0.717604600000000
             0.000000000000000             0.000000000000000             0.000000000000000             0.000000000000000
             0.000000000000000             0.000000000000000             0.000000000000000             0.000000000000000
             0.000000000000000             0.000000000000000             0.000000000000000             0.000000000000000
             1.950012500000000             1.045206700000000             0.000000000000000             0.717604600000000
             0.000000000000000             0.000000000000000             0.000000000000000             0.000000000000000
             0.000000000000000             0.000000000000000             0.000000000000000             0.000000000000000
             0.000000000000000             0.000000000000000             0.000000000000000             0.000000000000000
             1.950012500000000             1.045206700000000             0.000000000000000             0.717604600000000
             0.000000000000000             0.000000000000000             0.000000000000000             0.000000000000000
             0.000000000000000             0.000000000000000             0.000000000000000             0.000000000000000
             0.000000000000000             0.000000000000000             0.000000000000000             0.000000000000000
             1.950012500000000             1.045206700000000             0.000000000000000             0.717604600000000
             0.000000000000000             0.000000000000000             0.000000000000000             0.000000000000000
             0.000000000000000             0.000000000000000             0.000000000000000             0.000000000000000
             0.000000000000000             0.000000000000000             0.000000000000000             0.000000000000000
             1.950012500000000             1.045206700000000             0.000000000000000             0.717604600000000
             0.000000000000000             0.000000000000000             0.000000000000000             0.000000000000000
             0.000000000000000             0.000000000000000             0.000000000000000             0.000000000000000
             0.000000000000000             0.000000000000000             0.000000000000000             0.000000000000000
             1.950012500000000             1.045206700000000             0.000000000000000             0.717604600000000
             0.000000000000000             0.000000000000000             0.000000000000000             0.000000000000000
             0.000000000000000             0.000000000000000             0.000000000000000             0.000000000000000
             0.000000000000000             0.000000000000000             0.000000000000000             0.000000000000000
             1.950012500000000             1.045206700000000             0.000000000000000             0.717604600000000
             0.000000000000000             0.000000000000000             0.000000000000000             0.000000000000000
             0.000000000000000             0.000000000000000             0.000000000000000             0.000000000000000
             0.000000000000000             0.000000000000000             0.000000000000000             0.000000000000000
             1.950012500000000             1.045206700000000             0.000000000000000             0.702004500000000
             0.000000000000000             0.000000000000000             0.000000000000000             0.000000000000000
             0.000000000000000             0.000000000000000             0.000000000000000             0.000000000000000
             0.000000000000000             0.000000000000000             0.000000000000000             0.000000000000000
             1.950012500000000             1.045206700000000             0.000000000000000             0.717604600000000
             0.000000000000000             0.000000000000000             0.000000000000000             0.000000000000000
             0.000000000000000             0.000000000000000             0.000000000000000             0.000000000000000
             0.000000000000000             0.000000000000000             0.000000000000000             0.000000000000000
             1.684810800000000             0.982806300000000             0.000000000000000             0.670804300000000
             0.000000000000000             0.000000000000000             0.000000000000000             0.000000000000000
             0.000000000000000             0.000000000000000             0.000000000000000             0.000000000000000
             0.000000000000000             0.000000000000000             0.000000000000000             0.000000000000000
             1.684810800000000             0.982806300000000             0.000000000000000             0.655204200000000
             0.000000000000000             0.000000000000000             0.000000000000000             0.000000000000000
             0.000000000000000             0.000000000000000             0.000000000000000             0.000000000000000
             0.000000000000000             0.000000000000000             0.000000000000000             0.000000000000000
             1.684810800000000             0.982806300000000             0.000000000000000             0.655204200000000
             0.000000000000000             0.000000000000000             0.000000000000000             0.000000000000000
             0.000000000000000             0.000000000000000             0.000000000000000             0.000000000000000
             0.000000000000000             0.000000000000000             0.000000000000000             0.000000000000000
             1.684810800000000             0.951606100000000             0.000000000000000             0.655204200000000
             0.000000000000000             0.000000000000000             0.000000000000000             0.000000000000000
             0.000000000000000             0.000000000000000             0.000000000000000             0.000000000000000
             0.000000000000000             0.000000000000000             0.000000000000000             0.000000000000000
             1.684810800000000             0.982806300000000             0.000000000000000             0.655204200000000
             0.000000000000000             0.000000000000000             0.000000000000000             0.000000000000000
             0.000000000000000             0.000000000000000             0.000000000000000             0.000000000000000
             0.000000000000000             0.000000000000000             0.000000000000000             0.000000000000000
             1.684810800000000             0.982806300000000             0.000000000000000             0.655204200000000
             0.000000000000000             0.000000000000000             0.000000000000000             0.000000000000000
             0.000000000000000             0.000000000000000             0.000000000000000             0.000000000000000
             0.000000000000000             0.000000000000000             0.000000000000000             0.000000000000000
             1.684810800000000             0.982806300000000             0.000000000000000             0.655204200000000
             0.000000000000000             0.000000000000000             0.000000000000000             0.000000000000000
             0.000000000000000             0.000000000000000             0.000000000000000             0.000000000000000
             0.000000000000000             0.000000000000000             0.000000000000000             0.000000000000000
             1.684810800000000             0.982806300000000             0.000000000000000             0.655204200000000
             0.000000000000000             0.000000000000000             0.000000000000000             0.000000000000000
             0.000000000000000             0.000000000000000             0.000000000000000             0.000000000000000
             0.000000000000000             0.000000000000000             0.000000000000000             0.000000000000000
             1.684810800000000             0.982806300000000             0.000000000000000             0.655204200000000
             0.000000000000000             0.000000000000000             0.000000000000000             0.000000000000000
             0.000000000000000             0.000000000000000             0.000000000000000             0.000000000000000
             0.000000000000000             0.000000000000000             0.000000000000000             0.000000000000000
             1.684810800000000             0.982806300000000             0.000000000000000             0.655204200000000
             0.000000000000000             0.000000000000000             0.000000000000000             0.000000000000000
             0.000000000000000             0.000000000000000             0.000000000000000             0.000000000000000
             0.000000000000000             0.000000000000000             0.000000000000000             0.000000000000000
             2.121613600000000             1.294808300000000             0.000000000000000             0.951606100000000
             0.000000000000000             0.000000000000000             0.000000000000000             0.000000000000000
             0.000000000000000             0.000000000000000             0.000000000000000             0.000000000000000
             0.000000000000000             0.000000000000000             0.000000000000000             0.000000000000000
             2.121613600000000             1.310408400000000             0.000000000000000             0.951606100000000
             0.000000000000000             0.000000000000000             0.000000000000000             0.000000000000000
             0.000000000000000             0.000000000000000             0.000000000000000             0.000000000000000
             0.000000000000000             0.000000000000000             0.000000000000000             0.000000000000000
             2.121613600000000             1.294808300000000             0.000000000000000             0.936006000000000
             0.000000000000000             0.000000000000000             0.000000000000000             0.000000000000000
             0.000000000000000             0.000000000000000             0.000000000000000             0.000000000000000
             0.000000000000000             0.000000000000000             0.000000000000000             0.000000000000000
             2.121613600000000             1.310408400000000             0.000000000000000             0.951606100000000
             0.000000000000000             0.000000000000000             0.000000000000000             0.000000000000000
             0.000000000000000             0.000000000000000             0.000000000000000             0.000000000000000
             0.000000000000000             0.000000000000000             0.000000000000000             0.000000000000000
             2.121613600000000             1.310408400000000             0.000000000000000             0.951606100000000
             0.000000000000000             0.000000000000000             0.000000000000000             0.000000000000000
             0.000000000000000             0.000000000000000             0.000000000000000             0.000000000000000
             0.000000000000000             0.000000000000000             0.000000000000000             0.000000000000000
             2.121613600000000             1.310408400000000             0.000000000000000             0.936006000000000
             0.000000000000000             0.000000000000000             0.000000000000000             0.000000000000000
             0.000000000000000             0.000000000000000             0.000000000000000             0.000000000000000
             0.000000000000000             0.000000000000000             0.000000000000000             0.000000000000000
             2.121613600000000             1.310408400000000             0.000000000000000             0.936006000000000
             0.000000000000000             0.000000000000000             0.000000000000000             0.000000000000000
             0.000000000000000             0.000000000000000             0.000000000000000             0.000000000000000
             0.000000000000000             0.000000000000000             0.000000000000000             0.000000000000000
             2.106013500000000             1.310408400000000             0.000000000000000             0.951606100000000
             0.000000000000000             0.000000000000000             0.000000000000000             0.000000000000000
             0.000000000000000             0.000000000000000             0.000000000000000             0.000000000000000
             0.000000000000000             0.000000000000000             0.000000000000000             0.000000000000000
             2.137213700000000             1.310408400000000             0.000000000000000             0.951606100000000
             0.000000000000000             0.000000000000000             0.000000000000000             0.000000000000000
             0.000000000000000             0.000000000000000             0.000000000000000             0.000000000000000
             0.000000000000000             0.000000000000000             0.000000000000000             0.000000000000000
             2.152813800000000             1.310408400000000             0.000000000000000             0.967206200000000
             0.000000000000000             0.000000000000000             0.000000000000000             0.000000000000000
             0.000000000000000             0.000000000000000             0.000000000000000             0.000000000000000
             0.000000000000000             0.000000000000000             0.000000000000000             0.000000000000000
             2.418015500000000             1.404009000000000             0.000000000000000             1.029606600000000
             0.000000000000000             0.000000000000000             0.000000000000000             0.000000000000000
             0.000000000000000             0.000000000000000             0.000000000000000             0.000000000000000
             0.000000000000000             0.000000000000000             0.000000000000000             0.000000000000000
             2.402415400000000             1.404009000000000             0.000000000000000             1.029606600000000
             0.000000000000000             0.000000000000000             0.000000000000000             0.000000000000000
             0.000000000000000             0.000000000000000             0.000000000000000             0.000000000000000
             0.000000000000000             0.000000000000000             0.000000000000000             0.000000000000000
             2.402415400000000             1.404009000000000             0.000000000000000             1.029606600000000
             0.000000000000000             0.000000000000000             0.000000000000000             0.000000000000000
             0.000000000000000             0.000000000000000             0.000000000000000             0.000000000000000
             0.000000000000000             0.000000000000000             0.000000000000000             0.000000000000000
             2.402415400000000             1.404009000000000             0.000000000000000             1.029606600000000
             0.000000000000000             0.000000000000000             0.000000000000000             0.000000000000000
             0.000000000000000             0.000000000000000             0.000000000000000             0.000000000000000
             0.000000000000000             0.000000000000000             0.000000000000000             0.000000000000000
             2.402415400000000             1.404009000000000             0.000000000000000             1.029606600000000
             0.000000000000000             0.000000000000000             0.000000000000000             0.000000000000000
             0.000000000000000             0.000000000000000             0.000000000000000             0.000000000000000
             0.000000000000000             0.000000000000000             0.000000000000000             0.000000000000000
             2.402415400000000             1.404009000000000             0.000000000000000             1.029606600000000
             0.000000000000000             0.000000000000000             0.000000000000000             0.000000000000000
             0.000000000000000             0.000000000000000             0.000000000000000             0.000000000000000
             0.000000000000000             0.000000000000000             0.000000000000000             0.000000000000000
             2.402415400000000             1.404009000000000             0.000000000000000             1.029606600000000
             0.000000000000000             0.000000000000000             0.000000000000000             0.000000000000000
             0.000000000000000             0.000000000000000             0.000000000000000             0.000000000000000
             0.000000000000000             0.000000000000000             0.000000000000000             0.000000000000000
             2.402415400000000             1.404009000000000             0.000000000000000             1.029606600000000
             0.000000000000000             0.000000000000000             0.000000000000000             0.000000000000000
             0.000000000000000             0.000000000000000             0.000000000000000             0.000000000000000
             0.000000000000000             0.000000000000000             0.000000000000000             0.000000000000000
             2.402415400000000             1.404009000000000             0.000000000000000             1.029606600000000
             0.000000000000000             0.000000000000000             0.000000000000000             0.000000000000000
             0.000000000000000             0.000000000000000             0.000000000000000             0.000000000000000
             0.000000000000000             0.000000000000000             0.000000000000000             0.000000000000000
             2.402415400000000             1.404009000000000             0.000000000000000             1.029606600000000
             0.000000000000000             0.000000000000000             0.000000000000000             0.000000000000000
             0.000000000000000             0.000000000000000             0.000000000000000             0.000000000000000
             0.000000000000000             0.000000000000000             0.000000000000000             0.000000000000000
             2.542816300000000             1.497609600000000             0.000000000000000             1.107607100000000
             0.000000000000000             0.000000000000000             0.000000000000000             0.000000000000000
             0.000000000000000             0.000000000000000             0.000000000000000             0.000000000000000
             0.000000000000000             0.000000000000000             0.000000000000000             0.000000000000000
             2.542816300000000             1.482009500000000             0.000000000000000             1.092007000000001
             0.000000000000000             0.000000000000000             0.000000000000000             0.000000000000000
             0.000000000000000             0.000000000000000             0.000000000000000             0.000000000000000
             0.000000000000000             0.000000000000000             0.000000000000000             0.000000000000000
             2.792417900000000             1.560010000000000             0.000000000000000             1.201207700000000
             0.000000000000000             0.000000000000000             0.000000000000000             0.000000000000000
             0.000000000000000             0.000000000000000             0.000000000000000             0.000000000000000
             0.000000000000000             0.000000000000000             0.000000000000000             0.000000000000000
             2.995219200000000             1.669210700000000             0.000000000000000             1.279208200000000
             0.000000000000000             0.000000000000000             0.000000000000000             0.000000000000000
             0.000000000000000             0.000000000000000             0.000000000000000             0.000000000000000
             0.000000000000000             0.000000000000000             0.000000000000000             0.000000000000000
             3.369621600000000             1.778411400000000             0.000000000000000             1.372808800000000
             0.000000000000000             0.000000000000000             0.000000000000000             0.000000000000000
             0.000000000000000             0.000000000000000             0.000000000000000             0.000000000000000
             0.000000000000000             0.000000000000000             0.000000000000000             0.000000000000000
             3.588023000000000             1.887612100000000             0.000000000000000             1.466409400000000
             0.000000000000000             0.000000000000000             0.000000000000000             0.000000000000000
             0.000000000000000             0.000000000000000             0.000000000000000             0.000000000000000
             0.000000000000000             0.000000000000000             0.000000000000000             0.000000000000000
             3.915625100000000             1.981212700000000             0.000000000000000             1.560010000000000
             0.000000000000000             0.000000000000000             0.000000000000000             0.000000000000000
             0.000000000000000             0.000000000000000             0.000000000000000             0.000000000000000
             0.000000000000000             0.000000000000000             0.000000000000000             0.000000000000000
             4.258827300000000             2.106013500000000             0.000000000000000             1.762811300000001
             0.000000000000000             0.000000000000000             0.000000000000000             0.000000000000000
             0.000000000000000             0.000000000000000             0.000000000000000             0.000000000000000
             0.000000000000000             0.000000000000000             0.000000000000000             0.000000000000000
             4.383628100000000             2.215214200000000             0.000000000000000             1.856411900000000
             0.000000000000000             0.000000000000000             0.000000000000000             0.000000000000000
             0.000000000000000             0.000000000000000             0.000000000000000             0.000000000000000
             0.000000000000000             0.000000000000000             0.000000000000000             0.000000000000000
             6.224439900000000             2.761217700000000             0.000000000000000             2.449215700000000
             0.000000000000000             0.000000000000000             0.000000000000000             0.000000000000000
             0.000000000000000             0.000000000000000             0.000000000000000             0.000000000000000
             0.000000000000000             0.000000000000000             0.000000000000000             0.000000000000000
             7.815650100000000             3.369621599999999             0.000000000000000             3.135620100000001
             0.000000000000000             0.000000000000000             0.000000000000000             0.000000000000000
             0.000000000000000             0.000000000000000             0.000000000000000             0.000000000000000
             0.000000000000000             0.000000000000000             0.000000000000000             0.000000000000000
            10.030864299999999             4.102826300000000             0.000000000000000             3.946825300000002
             0.000000000000000             0.000000000000000             0.000000000000000             0.000000000000000
             0.000000000000000             0.000000000000000             0.000000000000000             0.000000000000000
             0.000000000000000             0.000000000000000             0.000000000000000             0.000000000000000
            13.275685100000000             4.929631600000000             0.000000000000000             4.898431400000000
             0.000000000000000             0.000000000000000             0.000000000000000             0.000000000000000
             0.000000000000000             0.000000000000000             0.000000000000000             0.000000000000000
             0.000000000000000             0.000000000000000             0.000000000000000             0.000000000000000
            17.986915300000000             6.536441900000000             0.000000000000000             7.113645599999998
             0.000000000000000             0.000000000000000             0.000000000000000             0.000000000000000
             0.000000000000000             0.000000000000000             0.000000000000000             0.000000000000000
             0.000000000000000             0.000000000000000             0.000000000000000             0.000000000000000
            24.585757600000001             8.424053999999998             0.000000000000000             9.828063000000000
             0.000000000000000             0.000000000000000             0.000000000000000             0.000000000000000
             0.000000000000000             0.000000000000000             0.000000000000000             0.000000000000000
             0.000000000000000             0.000000000000000             0.000000000000000             0.000000000000000
            32.635409199999998            10.561267700000002             0.000000000000000            13.026083499999999
             0.000000000000000             0.000000000000000             0.000000000000000             0.000000000000000
             0.000000000000000             0.000000000000000             0.000000000000000             0.000000000000000
             0.000000000000000             0.000000000000000             0.000000000000000             0.000000000000000
            41.855068299999999            13.150884300000001             0.000000000000000            16.941708599999998
             0.000000000000000             0.000000000000000             0.000000000000000             0.000000000000000
             0.000000000000000             0.000000000000000             0.000000000000000             0.000000000000000
             0.000000000000000             0.000000000000000             0.000000000000000             0.000000000000000
            53.071540200000001            15.756101000000001             0.000000000000000            20.950934300000000
             0.000000000000000             0.000000000000000             0.000000000000000             0.000000000000000
             0.000000000000000             0.000000000000000             0.000000000000000             0.000000000000000
             1.000000000000000             0.000000000000000             0.000000000000000             0.000000000000000
            22.805330799999993            23.197348700000006             0.000000000000000            33.961417699999998
             0.000000000000000             0.000000000000000             0.000000000000000             0.000000000000000
             0.000000000000000             0.000000000000000             0.000000000000000             0.000000000000000
             1.000000000000000             0.000000000000000             0.000000000000000             0.000000000000000
            59.278364600000003            31.855404200000009             0.000000000000000            49.467917100000022
             0.000000000000000             0.000000000000000             0.000000000000000             0.000000000000000
             0.000000000000000             0.000000000000000             0.000000000000000             0.000000000000000
             0.000000000000000             0.000000000000000             0.000000000000000             0.000000000000000
             0.592803800000000             0.468003000000000             0.000000000000000             0.296401900000000
             0.000000000000000             0.000000000000000             0.000000000000000             0.000000000000000
             0.000000000000000             0.000000000000000             0.000000000000000             0.000000000000000
             0.000000000000000             0.000000000000000             0.000000000000000             0.000000000000000
             0.733204700000000             0.530403400000000             0.000000000000000             0.343202200000000
             0.000000000000000             0.000000000000000             0.000000000000000             0.000000000000000
             0.000000000000000             0.000000000000000             0.000000000000000             0.000000000000000
             0.000000000000000             0.000000000000000             0.000000000000000             0.000000000000000
             0.826805300000000             0.624004000000000             0.000000000000000             0.374402400000000
             0.000000000000000             0.000000000000000             0.000000000000000             0.000000000000000
             0.000000000000000             0.000000000000000             0.000000000000000             0.000000000000000
             0.000000000000000             0.000000000000000             0.000000000000000             0.000000000000000
             1.060806800000000             0.670804300000000             0.000000000000000             0.436802800000000
             0.000000000000000             0.000000000000000             0.000000000000000             0.000000000000000
             0.000000000000000             0.000000000000000             0.000000000000000             0.000000000000000
             0.000000000000000             0.000000000000000             0.000000000000000             0.000000000000000
             1.170007500000000             0.764404900000000             0.000000000000000             0.483603100000000
             0.000000000000000             0.000000000000000             0.000000000000000             0.000000000000000
             0.000000000000000             0.000000000000000             0.000000000000000             0.000000000000000
             0.000000000000000             0.000000000000000             0.000000000000000             0.000000000000000
             1.341608600000000             0.811205200000000             0.000000000000000             0.530403400000000
             0.000000000000000             0.000000000000000             0.000000000000000             0.000000000000000
             0.000000000000000             0.000000000000000             0.000000000000000             0.000000000000000
             0.000000000000000             0.000000000000000             0.000000000000000             0.000000000000000
             1.513209700000000             0.873605600000000             0.000000000000000             0.592803800000000
             0.000000000000000             0.000000000000000             0.000000000000000             0.000000000000000
             0.000000000000000             0.000000000000000             0.000000000000000             0.000000000000000
             0.000000000000000             0.000000000000000             0.000000000000000             0.000000000000000
             1.700410900000000             0.967206200000000             0.000000000000000             0.670804300000000
             0.000000000000000             0.000000000000000             0.000000000000000             0.000000000000000
             0.000000000000000             0.000000000000000             0.000000000000000             0.000000000000000
             0.000000000000000             0.000000000000000             0.000000000000000             0.000000000000000
             1.965612600000000             1.029606600000000             0.000000000000000             0.717604600000000
             0.000000000000000             0.000000000000000             0.000000000000000             0.000000000000000
             0.000000000000000             0.000000000000000             0.000000000000000             0.000000000000000
             0.000000000000000             0.000000000000000             0.000000000000000             0.000000000000000
             0.577203700000000             0.468003000000000             0.000000000000000             0.280801800000000
             0.000000000000000             0.000000000000000             0.000000000000000             0.000000000000000
             0.000000000000000             0.000000000000000             0.000000000000000             0.000000000000000
             0.000000000000000             0.000000000000000             0.000000000000000             0.000000000000000
             0.733204700000000             0.530403400000000             0.000000000000000             0.343202200000000
             0.000000000000000             0.000000000000000             0.000000000000000             0.000000000000000
             0.000000000000000             0.000000000000000             0.000000000000000             0.000000000000000
             0.000000000000000             0.000000000000000             0.000000000000000             0.000000000000000
             0.842405400000000             0.608403900000000             0.000000000000000             0.374402400000000
             0.000000000000000             0.000000000000000             0.000000000000000             0.000000000000000
             0.000000000000000             0.000000000000000             0.000000000000000             0.000000000000000
             0.000000000000000             0.000000000000000             0.000000000000000             0.000000000000000
             1.060806800000000             0.670804300000000             0.000000000000000             0.436802800000000
             0.000000000000000             0.000000000000000             0.000000000000000             0.000000000000000
             0.000000000000000             0.000000000000000             0.000000000000000             0.000000000000000
             0.000000000000000             0.000000000000000             0.000000000000000             0.000000000000000
             1.185607600000000             0.748804800000000             0.000000000000000             0.483603100000000
             0.000000000000000             0.000000000000000             0.000000000000000             0.000000000000000
             0.000000000000000             0.000000000000000             0.000000000000000             0.000000000000000
             0.000000000000000             0.000000000000000             0.000000000000000             0.000000000000000
             1.341608600000000             0.811205200000000             0.000000000000000             0.530403400000000
             0.000000000000000             0.000000000000000             0.000000000000000             0.000000000000000
             0.000000000000000             0.000000000000000             0.000000000000000             0.000000000000000
             0.000000000000000             0.000000000000000             0.000000000000000             0.000000000000000
             1.513209700000000             0.873605600000000             0.000000000000000             0.592803800000000
             0.000000000000000             0.000000000000000             0.000000000000000             0.000000000000000
             0.000000000000000             0.000000000000000             0.000000000000000             0.000000000000000
             0.000000000000000             0.000000000000000             0.000000000000000             0.000000000000000
             1.700410900000000             0.967206200000000             0.000000000000000             0.655204200000000
             0.000000000000000             0.000000000000000             0.000000000000000             0.000000000000000
             0.000000000000000             0.000000000000000             0.000000000000000             0.000000000000000
             0.000000000000000             0.000000000000000             0.000000000000000             0.000000000000000
             1.950012500000000             1.045206700000000             0.000000000000000             0.733204700000000
             0.000000000000000             0.000000000000000             0.000000000000000             0.000000000000000
             0.000000000000000             0.000000000000000             0.000000000000000             0.000000000000000
             0.000000000000000             0.000000000000000             0.000000000000000             0.000000000000000
             1.825211700000000             1.107607100000000             0.000000000000000             0.795605100000000
             0.000000000000000             0.000000000000000             0.000000000000000             0.000000000000000
             0.000000000000000             0.000000000000000             0.000000000000000             0.000000000000000
             0.000000000000000             0.000000000000000             0.000000000000000             0.000000000000000
             1.950012500000000             1.185607600000000             0.000000000000000             0.873605600000000
             0.000000000000000             0.000000000000000             0.000000000000000             0.000000000000000
             0.000000000000000             0.000000000000000             0.000000000000000             0.000000000000000
             0.000000000000000             0.000000000000000             0.000000000000000             0.000000000000000
             2.137213700000000             1.294808300000000             0.000000000000000             0.951606100000000
             0.000000000000000             0.000000000000000             0.000000000000000             0.000000000000000
             0.000000000000000             0.000000000000000             0.000000000000000             0.000000000000000
             0.000000000000000             0.000000000000000             0.000000000000000             0.000000000000000
             2.418015500000000             1.372808800000000             0.000000000000000             1.029606600000000
             0.000000000000000             0.000000000000000             0.000000000000000             0.000000000000000
             0.000000000000000             0.000000000000000             0.000000000000000             0.000000000000000
             0.000000000000000             0.000000000000000             0.000000000000000             0.000000000000000
             2.542816300000000             1.497609600000000             0.000000000000000             1.107607100000000
             0.000000000000000             0.000000000000000             0.000000000000000             0.000000000000000
             0.000000000000000             0.000000000000000             0.000000000000000             0.000000000000000
             0.000000000000000             0.000000000000000             0.000000000000000             0.000000000000000
             2.776817800000000             1.575610100000000             0.000000000000000             1.201207699999999
             0.000000000000000             0.000000000000000             0.000000000000000             0.000000000000000
             0.000000000000000             0.000000000000000             0.000000000000000             0.000000000000000
             0.000000000000000             0.000000000000000             0.000000000000000             0.000000000000000
             2.979619100000000             1.684810800000000             0.000000000000000             1.263608100000000
             0.000000000000000             0.000000000000000             0.000000000000000             0.000000000000000
             0.000000000000000             0.000000000000000             0.000000000000000             0.000000000000000
             0.000000000000000             0.000000000000000             0.000000000000000             0.000000000000000
             3.385221700000000             1.762811300000000             0.000000000000000             1.357208700000000
             0.000000000000000             0.000000000000000             0.000000000000000             0.000000000000000
             0.000000000000000             0.000000000000000             0.000000000000000             0.000000000000000
             0.000000000000000             0.000000000000000             0.000000000000000             0.000000000000000
             3.603623100000000             1.887612100000000             0.000000000000000             1.466409400000001
             0.000000000000000             0.000000000000000             0.000000000000000             0.000000000000000
             0.000000000000000             0.000000000000000             0.000000000000000             0.000000000000000
             0.000000000000000             0.000000000000000             0.000000000000000             0.000000000000000
             3.931225200000000             1.965612600000000             0.000000000000000             1.560010000000000
             0.000000000000000             0.000000000000000             0.000000000000000             0.000000000000000
             0.000000000000000             0.000000000000000             0.000000000000000             0.000000000000000
             0.000000000000000             0.000000000000000             0.000000000000000             0.000000000000000
             4.290027500000000             2.059213200000000             0.000000000000000             1.669210700000001
             0.000000000000000             0.000000000000000             0.000000000000000             0.000000000000000
             0.000000000000000             0.000000000000000             0.000000000000000             0.000000000000000
             0.000000000000000             0.000000000000000             0.000000000000000             0.000000000000000
             4.368028000000000             2.184013999999999             0.000000000000000             1.794011500000001
             0.000000000000000             0.000000000000000             0.000000000000000             0.000000000000000
             0.000000000000000             0.000000000000000             0.000000000000000             0.000000000000000
             0.000000000000000             0.000000000000000             0.000000000000000             0.000000000000000
             6.193239700000000             2.761217700000000             0.000000000000000             2.449215700000000
             0.000000000000000             0.000000000000000             0.000000000000000             0.000000000000000
             0.000000000000000             0.000000000000000             0.000000000000000             0.000000000000000
             0.000000000000000             0.000000000000000             0.000000000000000             0.000000000000000
             7.815650100000000             3.369621599999999             0.000000000000000             3.120020000000000
             0.000000000000000             0.000000000000000             0.000000000000000             0.000000000000000
             0.000000000000000             0.000000000000000             0.000000000000000             0.000000000000000
             0.000000000000000             0.000000000000000             0.000000000000000             0.000000000000000
             9.999664100000000             4.102826300000000             0.000000000000000             3.962425400000001
             0.000000000000000             0.000000000000000             0.000000000000000             0.000000000000000
             0.000000000000000             0.000000000000000             0.000000000000000             0.000000000000000
             0.000000000000000             0.000000000000000             0.000000000000000             0.000000000000000
            13.275685100000000             4.914031500000000             0.000000000000000             4.898431400000000
             0.000000000000000             0.000000000000000             0.000000000000000             0.000000000000000
             0.000000000000000             0.000000000000000             0.000000000000000             0.000000000000000
             0.000000000000000             0.000000000000000             0.000000000000000             0.000000000000000
            17.971315199999999             6.552042000000000             0.000000000000000             7.113645600000002
             0.000000000000000             0.000000000000000             0.000000000000000             0.000000000000000
             0.000000000000000             0.000000000000000             0.000000000000000             0.000000000000000
             0.000000000000000             0.000000000000000             0.000000000000000             0.000000000000000
            24.616957799999998             8.408453900000001             0.000000000000000             9.828063000000000
             0.000000000000000             0.000000000000000             0.000000000000000             0.000000000000000
             0.000000000000000             0.000000000000000             0.000000000000000             0.000000000000000
             0.000000000000000             0.000000000000000             0.000000000000000             0.000000000000000
            32.651009299999998            10.576867800000002             0.000000000000000            13.026083499999999
             0.000000000000000             0.000000000000000             0.000000000000000             0.000000000000000
             0.000000000000000             0.000000000000000             0.000000000000000             0.000000000000000
             0.000000000000000             0.000000000000000             0.000000000000000             0.000000000000000
            41.886268500000000            13.104084000000000             0.000000000000000            16.785707599999995
             0.000000000000000             0.000000000000000             0.000000000000000             0.000000000000000
             0.000000000000000             0.000000000000000             0.000000000000000             0.000000000000000
             0.000000000000000             0.000000000000000             0.000000000000000             0.000000000000000
            53.087140300000002            15.740500900000001             0.000000000000000            20.950934300000000
             0.000000000000000             0.000000000000000             0.000000000000000             0.000000000000000
             0.000000000000000             0.000000000000000             0.000000000000000             0.000000000000000
             1.000000000000000             0.000000000000000             0.000000000000000             0.000000000000000
            22.774130600000007            23.181748599999992             0.000000000000000            33.977017799999999
             0.000000000000000             0.000000000000000             0.000000000000000             0.000000000000000
             0.000000000000000             0.000000000000000             0.000000000000000             0.000000000000000
             1.000000000000000             0.000000000000000             0.000000000000000             0.000000000000000
            59.278364600000003            31.886604400000010             0.000000000000000            49.467917100000022
             0.000000000000000             0.000000000000000             0.000000000000000             0.000000000000000
             0.000000000000000             0.000000000000000             0.000000000000000             0.000000000000000
             0.000000000000000             0.000000000000000             0.000000000000000             0.000000000000000
            16.161703599999999             5.694036499999999             0.000000000000000             5.288433900000001
             0.000000000000000             0.000000000000000             0.000000000000000             0.000000000000000
             0.000000000000000             0.000000000000000             0.000000000000000             0.000000000000000
             0.000000000000000             0.000000000000000             0.000000000000000             0.000000000000000
             0.062400400000000             0.046800300000000             0.000000000000000             0.031200200000000
             0.000000000000000             0.000000000000000             0.000000000000000             0.000000000000000
             0.000000000000000             0.000000000000000             0.000000000000000             0.000000000000000
             0.000000000000000             0.000000000000000             0.000000000000000             0.000000000000000
             0.062400400000000             0.046800300000000             0.000000000000000             0.031200200000000
             0.000000000000000             0.000000000000000             0.000000000000000             0.000000000000000
             0.000000000000000             0.000000000000000             0.000000000000000             0.000000000000000
             0.000000000000000             0.000000000000000             0.000000000000000             0.000000000000000
             0.078000500000000             0.062400400000000             0.000000000000000             0.031200200000000
             0.000000000000000             0.000000000000000             0.000000000000000             0.000000000000000
             0.000000000000000             0.000000000000000             0.000000000000000             0.000000000000000
             0.000000000000000             0.000000000000000             0.000000000000000             0.000000000000000
             0.078000500000000             0.078000500000000             0.000000000000000             0.046800300000000
             0.000000000000000             0.000000000000000             0.000000000000000             0.000000000000000
             0.000000000000000             0.000000000000000             0.000000000000000             0.000000000000000
             0.000000000000000             0.000000000000000             0.000000000000000             0.000000000000000
             0.109200700000000             0.078000500000000             0.000000000000000             0.046800300000000
             0.000000000000000             0.000000000000000             0.000000000000000             0.000000000000000
             0.000000000000000             0.000000000000000             0.000000000000000             0.000000000000000
             0.000000000000000             0.000000000000000             0.000000000000000             0.000000000000000
             0.124800800000000             0.093600600000000             0.000000000000000             0.046800300000000
             0.000000000000000             0.000000000000000             0.000000000000000             0.000000000000000
             0.000000000000000             0.000000000000000             0.000000000000000             0.000000000000000
             0.000000000000000             0.000000000000000             0.000000000000000             0.000000000000000
             0.140400900000000             0.093600600000000             0.000000000000000             0.062400400000000
             0.000000000000000             0.000000000000000             0.000000000000000             0.000000000000000
             0.000000000000000             0.000000000000000             0.000000000000000             0.000000000000000
             0.000000000000000             0.000000000000000             0.000000000000000             0.000000000000000
             0.171601100000000             0.093600600000000             0.000000000000000             0.062400400000000
             0.000000000000000             0.000000000000000             0.000000000000000             0.000000000000000
             0.000000000000000             0.000000000000000             0.000000000000000             0.000000000000000
             0.000000000000000             0.000000000000000             0.000000000000000             0.000000000000000
             0.187201200000000             0.109200700000000             0.000000000000000             0.062400400000000
             0.000000000000000             0.000000000000000             0.000000000000000             0.000000000000000
             0.000000000000000             0.000000000000000             0.000000000000000             0.000000000000000
             0.000000000000000             0.000000000000000             0.000000000000000             0.000000000000000
             0.202801300000000             0.124800800000000             0.000000000000000             0.078000500000000
             0.000000000000000             0.000000000000000             0.000000000000000             0.000000000000000
             0.000000000000000             0.000000000000000             0.000000000000000             0.000000000000000
             0.000000000000000             0.000000000000000             0.000000000000000             0.000000000000000
             0.234001500000000             0.140400900000000             0.000000000000000             0.078000500000000
             0.000000000000000             0.000000000000000             0.000000000000000             0.000000000000000
             0.000000000000000             0.000000000000000             0.000000000000000             0.000000000000000
             0.000000000000000             0.000000000000000             0.000000000000000             0.000000000000000
             0.249601600000000             0.156001000000000             0.000000000000000             0.078000500000000
             0.000000000000000             0.000000000000000             0.000000000000000             0.000000000000000
             0.000000000000000             0.000000000000000             0.000000000000000             0.000000000000000
             0.000000000000000             0.000000000000000             0.000000000000000             0.000000000000000
             0.280801800000000             0.171601100000000             0.000000000000000             0.093600600000000
             0.000000000000000             0.000000000000000             0.000000000000000             0.000000000000000
             0.000000000000000             0.000000000000000             0.000000000000000             0.000000000000000
             0.000000000000000             0.000000000000000             0.000000000000000             0.000000000000000
             0.312002000000000             0.171601100000000             0.000000000000000             0.109200700000000
             0.000000000000000             0.000000000000000             0.000000000000000             0.000000000000000
             0.000000000000000             0.000000000000000             0.000000000000000             0.000000000000000
             0.000000000000000             0.000000000000000             0.000000000000000             0.000000000000000
             0.327602100000000             0.202801300000000             0.000000000000000             0.109200700000000
             0.000000000000000             0.000000000000000             0.000000000000000             0.000000000000000
             0.000000000000000             0.000000000000000             0.000000000000000             0.000000000000000
             0.000000000000000             0.000000000000000             0.000000000000000             0.000000000000000
             0.374402400000000             0.202801300000000             0.000000000000000             0.124800800000000
             0.000000000000000             0.000000000000000             0.000000000000000             0.000000000000000
             0.000000000000000             0.000000000000000             0.000000000000000             0.000000000000000
             0.000000000000000             0.000000000000000             0.000000000000000             0.000000000000000
             0.405602600000000             0.218401400000000             0.000000000000000             0.124800800000000
             0.000000000000000             0.000000000000000             0.000000000000000             0.000000000000000
             0.000000000000000             0.000000000000000             0.000000000000000             0.000000000000000
             0.000000000000000             0.000000000000000             0.000000000000000             0.000000000000000
             0.421202700000000             0.218401400000000             0.000000000000000             0.140400900000000
             0.000000000000000             0.000000000000000             0.000000000000000             0.000000000000000
             0.000000000000000             0.000000000000000             0.000000000000000             0.000000000000000
             0.000000000000000             0.000000000000000             0.000000000000000             0.000000000000000
             0.468003000000000             0.265201700000000             0.000000000000000             0.140400900000000
             0.000000000000000             0.000000000000000             0.000000000000000             0.000000000000000
             0.000000000000000             0.000000000000000             0.000000000000000             0.000000000000000
             0.000000000000000             0.000000000000000             0.000000000000000             0.000000000000000
             0.499203200000000             0.280801800000000             0.000000000000000             0.156001000000000
             0.000000000000000             0.000000000000000             0.000000000000000             0.000000000000000
             0.000000000000000             0.000000000000000             0.000000000000000             0.000000000000000
             0.000000000000000             0.000000000000000             0.000000000000000             0.000000000000000
             0.530403400000000             0.280801800000000             0.000000000000000             0.156001000000000
             0.000000000000000             0.000000000000000             0.000000000000000             0.000000000000000
             0.000000000000000             0.000000000000000             0.000000000000000             0.000000000000000
             0.000000000000000             0.000000000000000             0.000000000000000             0.000000000000000
             0.577203700000000             0.296401900000000             0.000000000000000             0.171601100000000
             0.000000000000000             0.000000000000000             0.000000000000000             0.000000000000000
             0.000000000000000             0.000000000000000             0.000000000000000             0.000000000000000
             0.000000000000000             0.000000000000000             0.000000000000000             0.000000000000000
             0.826805300000000             0.390002500000000             0.000000000000000             0.234001500000000
             0.000000000000000             0.000000000000000             0.000000000000000             0.000000000000000
             0.000000000000000             0.000000000000000             0.000000000000000             0.000000000000000
             0.000000000000000             0.000000000000000             0.000000000000000             0.000000000000000
             1.045206700000000             0.499203200000000             0.000000000000000             0.312002000000000
             0.000000000000000             0.000000000000000             0.000000000000000             0.000000000000000
             0.000000000000000             0.000000000000000             0.000000000000000             0.000000000000000
             0.000000000000000             0.000000000000000             0.000000000000000             0.000000000000000
             1.326008500000000             0.608403900000000             0.000000000000000             0.390002500000000
             0.000000000000000             0.000000000000000             0.000000000000000             0.000000000000000
             0.000000000000000             0.000000000000000             0.000000000000000             0.000000000000000
             0.000000000000000             0.000000000000000             0.000000000000000             0.000000000000000
             1.669210700000000             0.748804800000000             0.000000000000000             0.483603100000000
             0.000000000000000             0.000000000000000             0.000000000000000             0.000000000000000
             0.000000000000000             0.000000000000000             0.000000000000000             0.000000000000000
             0.000000000000000             0.000000000000000             0.000000000000000             0.000000000000000
             2.433615600000000             1.029606600000000             0.000000000000000             0.702004500000000
             0.000000000000000             0.000000000000000             0.000000000000000             0.000000000000000
             0.000000000000000             0.000000000000000             0.000000000000000             0.000000000000000
             0.000000000000000             0.000000000000000             0.000000000000000             0.000000000000000
             3.276021000000000             1.372808800000000             0.000000000000000             0.998406400000000
             0.000000000000000             0.000000000000000             0.000000000000000             0.000000000000000
             0.000000000000000             0.000000000000000             0.000000000000000             0.000000000000000
             0.000000000000000             0.000000000000000             0.000000000000000             0.000000000000000
             4.305627600000000             1.716011000000000             0.000000000000000             1.310408400000000
             0.000000000000000             0.000000000000000             0.000000000000000             0.000000000000000
             0.000000000000000             0.000000000000000             0.000000000000000             0.000000000000000
             0.000000000000000             0.000000000000000             0.000000000000000             0.000000000000000
             0.000000000000000             0.000000000000000             0.000000000000000             0.000000000000000
             0.000000000000000             0.000000000000000             0.000000000000000             0.000000000000000
             0.000000000000000             0.000000000000000             0.000000000000000             0.000000000000000
             0.000000000000000             0.000000000000000             0.000000000000000             0.000000000000000
             5.553635600000000             2.184014000000000             0.000000000000000             1.700410900000000
             0.000000000000000             0.000000000000000             0.000000000000000             0.000000000000000
             0.000000000000000             0.000000000000000             0.000000000000000             0.000000000000000
             0.000000000000000             0.000000000000000             0.000000000000000             0.000000000000000
             7.238446400000000             2.683217200000001             0.000000000000000             2.137213700000000
             0.000000000000000             0.000000000000000             0.000000000000000             0.000000000000000
             0.000000000000000             0.000000000000000             0.000000000000000             0.000000000000000
             0.000000000000000             0.000000000000000             0.000000000000000             0.000000000000000
            10.686068499999999             4.056026000000001             0.000000000000000             3.541222700000002
             0.000000000000000             0.000000000000000             0.000000000000000             0.000000000000000
             0.000000000000000             0.000000000000000             0.000000000000000             0.000000000000000
             0.000000000000000             0.000000000000000             0.000000000000000             0.000000000000000
            15.756100999999999             5.896837800000002             0.000000000000000             5.413234700000000
             0.000000000000000             0.000000000000000             0.000000000000000             0.000000000000000
             0.000000000000000             0.000000000000000             0.000000000000000             0.000000000000000
             0.000000000000000             0.000000000000000             0.000000000000000             0.000000000000000
            21.918140500000000             7.878050500000001             0.000000000000000             7.737649599999997
             0.000000000000000             0.000000000000000             0.000000000000000             0.000000000000000
             0.000000000000000             0.000000000000000             0.000000000000000             0.000000000000000
             0.000000000000000             0.000000000000000             0.000000000000000             0.000000000000000
            27.721377700000001            10.124464900000000             0.000000000000000            10.686068499999998
             0.000000000000000             0.000000000000000             0.000000000000000             0.000000000000000
             0.000000000000000             0.000000000000000             0.000000000000000             0.000000000000000
             0.000000000000000             0.000000000000000             0.000000000000000             0.000000000000000
            44.304284000000003            15.958902299999998             0.000000000000000            18.688919800000001
             0.000000000000000             0.000000000000000             0.000000000000000             0.000000000000000
             0.000000000000000             0.000000000000000             0.000000000000000             0.000000000000000
             1.000000000000000             0.000000000000000             0.000000000000000             0.000000000000000
             5.770021600000007            22.869746600000013             0.000000000000000            30.045792599999999
             0.000000000000000             0.000000000000000             0.000000000000000             0.000000000000000
             0.000000000000000             0.000000000000000             0.000000000000000             0.000000000000000
             1.000000000000000             0.000000000000000             0.000000000000000             0.000000000000000
            13.476471000000004            25.443763099999998             0.000000000000000            34.273419700000005
             0.000000000000000             0.000000000000000             0.000000000000000             0.000000000000000
             0.000000000000000             0.000000000000000             0.000000000000000             0.000000000000000
             0.000000000000000             0.000000000000000             0.000000000000000             0.000000000000000
             0.000000000000000            16.520505900000000             0.000000000000000            16.348904800000000
